(0.5 0.5 0.0)
(0.5 0.5 0.1)
(0.46617755318049386 0.5 0.0)
(0.46617755318049386 0.5 0.1)
(0.43234711640561624 0.5 0.0)
(0.43234711640561624 0.5 0.1)
(0.39850551824266284 0.5 0.0)
(0.39850551824266284 0.5 0.1)
(0.3646528987857944 0.5 0.0)
(0.3646528987857944 0.5 0.1)
(0.3307896682049312 0.5 0.0)
(0.3307896682049312 0.5 0.1)
(0.2969152224551121 0.5 0.0)
(0.2969152224551121 0.5 0.1)
(0.26302800889541245 0.5 0.0)
(0.26302800889541245 0.5 0.1)
(0.2291259124285193 0.5 0.0)
(0.2291259124285193 0.5 0.1)
(0.19520653717392794 0.5 0.0)
(0.19520653717392794 0.5 0.1)
(0.16126735328186748 0.5 0.0)
(0.16126735328186748 0.5 0.1)
(0.12730577206430319 0.5 0.0)
(0.12730577206430319 0.5 0.1)
(0.09331920084948385 0.5 0.0)
(0.09331920084948385 0.5 0.1)
(0.05930510873606792 0.5 0.0)
(0.05930510873606792 0.5 0.1)
(0.025261125800837825 0.5 0.0)
(0.025261125800837825 0.5 0.1)
(-0.008814801084006844 0.5 0.0)
(-0.008814801084006844 0.5 0.1)
(-0.042924169026360655 0.5 0.0)
(-0.042924169026360655 0.5 0.1)
(-0.07706757089843495 0.5 0.0)
(-0.07706757089843495 0.5 0.1)
(-0.11124422479116143 0.5 0.0)
(-0.11124422479116143 0.5 0.1)
(-0.14545138431042393 0.5 0.0)
(-0.14545138431042393 0.5 0.1)
(-0.17968362581714642 0.5 0.0)
(-0.17968362581714642 0.5 0.1)
(-0.2139319424971284 0.5 0.0)
(-0.2139319424971284 0.5 0.1)
(-0.24818243492813344 0.5 0.0)
(-0.24818243492813344 0.5 0.1)
(-0.28241418380389216 0.5 0.0)
(-0.28241418380389216 0.5 0.1)
(-0.31659558889161793 0.5 0.0)
(-0.31659558889161793 0.5 0.1)
(-0.3506778948799953 0.5 0.0)
(-0.3506778948799953 0.5 0.1)
(-0.3845834672710893 0.5 0.0)
(-0.3845834672710893 0.5 0.1)
(-0.4181839182861163 0.5 0.0)
(-0.4181839182861163 0.5 0.1)
(-0.451256787748179 0.5 0.0)
(-0.451256787748179 0.5 0.1)
(-0.4833827188898653 0.5 0.0)
(-0.4833827188898653 0.5 0.1)
(-0.5134933202461142 0.4998178709733305 0.0)
(-0.5134933202461142 0.4998178709733305 0.1)
(-0.541283202449877 0.4982927592029797 0.0)
(-0.541283202449877 0.4982927592029797 0.1)
(-0.5680063761174635 0.49535351127234944 0.0)
(-0.5680063761174635 0.49535351127234944 0.1)
(-0.5939862630070433 0.4910871172316945 0.0)
(-0.5939862630070433 0.4910871172316945 0.1)
(-0.6193723976529254 0.4855411658477324 0.0)
(-0.6193723976529254 0.4855411658477324 0.1)
(-0.6442321663160108 0.47874529652499537 0.0)
(-0.6442321663160108 0.47874529652499537 0.1)
(-0.6685885294976304 0.47072061780928415 0.0)
(-0.6685885294976304 0.47072061780928415 0.1)
(-0.6924325215956089 0.46148639945893266 0.0)
(-0.6924325215956089 0.46148639945893266 0.1)
(-0.7157366012705145 0.4510628558417366 0.0)
(-0.7157366012705145 0.4510628558417366 0.1)
(-0.7384612198443381 0.4394726577102846 0.0)
(-0.7384612198443381 0.4394726577102846 0.1)
(-0.7605602234614783 0.4267415643450627 0.0)
(-0.7605602234614783 0.4267415643450627 0.1)
(-0.7819820202103173 0.4128996347860344 0.0)
(-0.7819820202103173 0.4128996347860344 0.1)
(-0.8026755844167794 0.39797925092643016 0.0)
(-0.8026755844167794 0.39797925092643016 0.1)
(-0.8225864788208284 0.3820182360029543 0.0)
(-0.8225864788208284 0.3820182360029543 0.1)
(-0.8416649095396656 0.36505490046898564 0.0)
(-0.8416649095396656 0.36505490046898564 0.1)
(-0.8598578544492551 0.3471344020728019 0.0)
(-0.8598578544492551 0.3471344020728019 0.1)
(-0.8771187911797461 0.32830080248574645 0.0)
(-0.8771187911797461 0.32830080248574645 0.1)
(-0.8933986368604315 0.3086057050085972 0.0)
(-0.8933986368604315 0.3086057050085972 0.1)
(-0.9086560017015202 0.2880976492902268 0.0)
(-0.9086560017015202 0.2880976492902268 0.1)
(-0.9228483134106078 0.266831933545527 0.0)
(-0.9228483134106078 0.266831933545527 0.1)
(-0.9359373004184754 0.24486453395125285 0.0)
(-0.9359373004184754 0.24486453395125285 0.1)
(-0.9478890630388651 0.2222507245701086 0.0)
(-0.9478890630388651 0.2222507245701086 0.1)
(-0.9586688634548546 0.19905487968075475 0.0)
(-0.9586688634548546 0.19905487968075475 0.1)
(-0.968249758704655 0.17533435516081974 0.0)
(-0.968249758704655 0.17533435516081974 0.1)
(-0.9766065173376137 0.15114967723981643 0.0)
(-0.9766065173376137 0.15114967723981643 0.1)
(-0.9837142400217657 0.1265721315285437 0.0)
(-0.9837142400217657 0.1265721315285437 0.1)
(-0.9895561111873542 0.10166015498303092 0.0)
(-0.9895561111873542 0.10166015498303092 0.1)
(-0.9941168923427532 0.07647545388824938 0.0)
(-0.9941168923427532 0.07647545388824938 0.1)
(-0.9973820523947624 0.051098580073617075 0.0)
(-0.9973820523947624 0.051098580073617075 0.1)
(-0.999344846599215 0.025587043433077092 0.0)
(-0.999344846599215 0.025587043433077092 0.1)
(-1.0 1.7763568394002505e-15 0.0)
(-1.0 1.7763568394002505e-15 0.1)
(-0.9993448883552005 -0.025586226399439735 0.0)
(-0.9993448883552005 -0.025586226399439735 0.1)
(-0.9973821515480644 -0.05109761594256354 0.0)
(-0.9973821515480644 -0.05109761594256354 0.1)
(-0.9941170513816471 -0.07647442867767784 0.0)
(-0.9941170513816471 -0.07647442867767784 0.1)
(-0.9895563212390454 -0.10165914273682057 0.0)
(-0.9895563212390454 -0.10165914273682057 0.1)
(-0.9837144911517484 -0.12657117217822786 0.0)
(-0.9837144911517484 -0.12657117217822786 0.1)
(-0.9766067990319094 -0.1511487900507283 0.0)
(-0.9766067990319094 -0.1511487900507283 0.1)
(-0.9682500602995637 -0.17533354938902498 0.0)
(-0.9682500602995637 -0.17533354938902498 0.1)
(-0.9586691757014987 -0.19905416041810098 0.0)
(-0.9586691757014987 -0.19905416041810098 0.1)
(-0.947889375181237 -0.22225009498695075 0.0)
(-0.947889375181237 -0.22225009498695075 0.1)
(-0.9359376125495906 -0.24486397814868574 0.0)
(-0.9359376125495906 -0.24486397814868574 0.1)
(-0.9228486184022027 -0.2668314504263841 0.0)
(-0.9228486184022027 -0.2668314504263841 0.1)
(-0.9086562941584748 -0.28809723423392947 0.0)
(-0.9086562941584748 -0.28809723423392947 0.1)
(-0.8933989137422487 -0.30860535208362 0.0)
(-0.8933989137422487 -0.30860535208362 0.1)
(-0.877119048881238 -0.3283005066762327 0.0)
(-0.877119048881238 -0.3283005066762327 0.1)
(-0.8598579711760418 -0.3471342810581128 0.0)
(-0.8598579711760418 -0.3471342810581128 0.1)
(-0.841665127739678 -0.36505469637275695 0.0)
(-0.841665127739678 -0.36505469637275695 0.1)
(-0.8225866794034306 -0.3820180666057685 0.0)
(-0.8225866794034306 -0.3820180666057685 0.1)
(-0.802675765918658 -0.3979791129799901 0.0)
(-0.802675765918658 -0.3979791129799901 0.1)
(-0.7819821832934506 -0.41289952341043595 0.0)
(-0.7819821832934506 -0.41289952341043595 0.1)
(-0.7605603691475438 -0.4267414753291082 0.0)
(-0.7605603691475438 -0.4267414753291082 0.1)
(-0.7384613493555858 -0.43947258745193346 0.0)
(-0.7384613493555858 -0.43947258745193346 0.1)
(-0.7157367158088279 -0.451062801027775 0.0)
(-0.7157367158088279 -0.451062801027775 0.1)
(-0.6924326224972271 -0.46148635739977795 0.0)
(-0.6924326224972271 -0.46148635739977795 0.1)
(-0.6685886180242689 -0.47072058607240974 0.0)
(-0.6685886180242689 -0.47072058607240974 0.1)
(-0.6442322437202508 -0.4787452731896478 0.0)
(-0.6442322437202508 -0.4787452731896478 0.1)
(-0.6193724649756841 -0.48554114927359415 0.0)
(-0.6193724649756841 -0.48554114927359415 0.1)
(-0.5939863207532956 -0.49108710617053675 0.0)
(-0.5939863207532956 -0.49108710617053675 0.1)
(-0.5680064237085005 -0.4953535047400117 0.0)
(-0.5680064237085005 -0.4953535047400117 0.1)
(-0.5412832460659395 -0.4982927555812959 0.0)
(-0.5412832460659395 -0.4982927555812959 0.1)
(-0.5134933600603085 -0.49981786989246507 0.0)
(-0.5134933600603085 -0.49981786989246507 0.1)
(-0.4833827546324553 -0.5 0.0)
(-0.4833827546324553 -0.5 0.1)
(-0.45125681933368356 -0.5 0.0)
(-0.45125681933368356 -0.5 0.1)
(-0.4181839459211563 -0.5 0.0)
(-0.4181839459211563 -0.5 0.1)
(-0.38458349135561104 -0.5 0.0)
(-0.38458349135561104 -0.5 0.1)
(-0.35067791584272234 -0.5 0.0)
(-0.35067791584272234 -0.5 0.1)
(-0.31659560713283846 -0.5 0.0)
(-0.31659560713283846 -0.5 0.1)
(-0.28241419967915055 -0.5 0.0)
(-0.28241419967915055 -0.5 0.1)
(-0.24818244874706197 -0.5 0.0)
(-0.24818244874706197 -0.5 0.1)
(-0.21393195452744623 -0.5 0.0)
(-0.21393195452744623 -0.5 0.1)
(-0.17968363628994377 -0.5 0.0)
(-0.17968363628994377 -0.5 0.1)
(-0.1454513934253345 -0.5 0.0)
(-0.1454513934253345 -0.5 0.1)
(-0.1112442327209322 -0.5 0.0)
(-0.1112442327209322 -0.5 0.1)
(-0.07706757779280843 -0.5 0.0)
(-0.07706757779280843 -0.5 0.1)
(-0.04292417501531313 -0.5 0.0)
(-0.04292417501531313 -0.5 0.1)
(-0.00881480628044741 -0.5 0.0)
(-0.00881480628044741 -0.5 0.1)
(0.02526112129879706 -0.5 0.0)
(0.02526112129879706 -0.5 0.1)
(0.059305104843187476 -0.5 0.0)
(0.059305104843187476 -0.5 0.1)
(0.09331919749176708 -0.5 0.0)
(0.09331919749176708 -0.5 0.1)
(0.12730576917761272 -0.5 0.0)
(0.12730576917761272 -0.5 0.1)
(0.16126735081074894 -0.5 0.0)
(0.16126735081074894 -0.5 0.1)
(0.19520653507063104 -0.5 0.0)
(0.19520653507063104 -0.5 0.1)
(0.22912591065213464 -0.5 0.0)
(0.22912591065213464 -0.5 0.1)
(0.26302800741117377 -0.5 0.0)
(0.26302800741117377 -0.5 0.1)
(0.2969152212337988 -0.5 0.0)
(0.2969152212337988 -0.5 0.1)
(0.3307896672223798 -0.5 0.0)
(0.3307896672223798 -0.5 0.1)
(0.364652898022447 -0.5 0.0)
(0.364652898022447 -0.5 0.1)
(0.3985055176832599 -0.5 0.0)
(0.3985055176832599 -0.5 0.1)
(0.43234711603890597 -0.5 0.0)
(0.43234711603890597 -0.5 0.1)
(0.4661775529990069 -0.5 0.0)
(0.4661775529990069 -0.5 0.1)
(0.5 -0.5 0.0)
(0.5 -0.5 0.1)
