(0.5 0.5 0.0)
(0.5 0.5 0.1)
(0.5 0.5002108256354106 0.0)
(0.5 0.5002108256354106 0.1)
(0.5 0.5004694479287932 0.0)
(0.5 0.5004694479287932 0.1)
(0.5 0.5007679305175791 0.0)
(0.5 0.5007679305175791 0.1)
(0.5 0.5011240216311876 0.0)
(0.5 0.5011240216311876 0.1)
(0.5 0.5015560077471986 0.0)
(0.5 0.5015560077471986 0.1)
(0.5 0.502082825875682 0.0)
(0.5 0.502082825875682 0.1)
(0.5 0.5027253229869195 0.0)
(0.5 0.5027253229869195 0.1)
(0.5 0.5035078330749634 0.0)
(0.5 0.5035078330749634 0.1)
(0.5 0.5044593029821218 0.0)
(0.5 0.5044593029821218 0.1)
(0.5 0.5056139314121384 0.0)
(0.5 0.5056139314121384 0.1)
(0.5 0.5070117864511787 0.0)
(0.5 0.5070117864511787 0.1)
(0.5 0.5086993405102922 0.0)
(0.5 0.5086993405102922 0.1)
(0.5 0.5107298371164508 0.0)
(0.5 0.5107298371164508 0.1)
(0.5 0.5131633779887508 0.0)
(0.5 0.5131633779887508 0.1)
(0.5 0.5160665962181616 0.0)
(0.5 0.5160665962181616 0.1)
(0.5 0.5195117700978755 0.0)
(0.5 0.5195117700978755 0.1)
(0.5 0.5235752430936067 0.0)
(0.5 0.5235752430936067 0.1)
(0.5 0.5283350605280506 0.0)
(0.5 0.5283350605280506 0.1)
(0.5 0.5338678216265899 0.0)
(0.5 0.5338678216265899 0.1)
(0.5 0.5402448761048204 0.0)
(0.5 0.5402448761048204 0.1)
(0.5 0.5475281510827237 0.0)
(0.5 0.5475281510827237 0.1)
(0.5 0.5557660418525302 0.0)
(0.5 0.5557660418525302 0.1)
(0.5 0.5649898912014777 0.0)
(0.5 0.5649898912014777 0.1)
(0.5 0.5752115721039387 0.0)
(0.5 0.5752115721039387 0.1)
(0.5 0.586422557784074 0.0)
(0.5 0.586422557784074 0.1)
(0.5 0.5985946317394906 0.0)
(0.5 0.5985946317394906 0.1)
(0.5 0.6116821170817277 0.0)
(0.5 0.6116821170817277 0.1)
(0.5 0.6256252651718174 0.0)
(0.5 0.6256252651718174 0.1)
(0.5 0.6403542997664912 0.0)
(0.5 0.6403542997664912 0.1)
(0.5 0.6557935895013752 0.0)
(0.5 0.6557935895013752 0.1)
(0.5 0.6718655024798211 0.0)
(0.5 0.6718655024798211 0.1)
(0.5 0.6884936393802575 0.0)
(0.5 0.6884936393802575 0.1)
(0.5 0.7056052979029677 0.0)
(0.5 0.7056052979029677 0.1)
(0.5 0.7231331550609682 0.0)
(0.5 0.7231331550609682 0.1)
(0.5 0.7410162465083967 0.0)
(0.5 0.7410162465083967 0.1)
(0.5 0.7592003717653267 0.0)
(0.5 0.7592003717653267 0.1)
(0.5 0.7776380688273998 0.0)
(0.5 0.7776380688273998 0.1)
(0.5 0.7962882928894446 0.0)
(0.5 0.7962882928894446 0.1)
(0.5 0.8151159127208354 0.0)
(0.5 0.8151159127208354 0.1)
(0.5 0.8340911128385575 0.0)
(0.5 0.8340911128385575 0.1)
(0.5 0.8531887651917618 0.0)
(0.5 0.8531887651917618 0.1)
(0.5 0.8723878132183449 0.0)
(0.5 0.8723878132183449 0.1)
(0.5 0.8916706947329087 0.0)
(0.5 0.8916706947329087 0.1)
(0.5 0.9110228180109339 0.0)
(0.5 0.9110228180109339 0.1)
(0.5 0.9304320970149567 0.0)
(0.5 0.9304320970149567 0.1)
(0.5 0.9498885461850505 0.0)
(0.5 0.9498885461850505 0.1)
(0.5 0.9693839318422616 0.0)
(0.5 0.9693839318422616 0.1)
(0.5 0.9889114753991586 0.0)
(0.5 0.9889114753991586 0.1)
(0.5 1.0084656027419043 0.0)
(0.5 1.0084656027419043 0.1)
(0.5 1.0280417339763308 0.0)
(0.5 1.0280417339763308 0.1)
(0.5 1.0476361079553773 0.0)
(0.5 1.0476361079553773 0.1)
(0.5 1.067245636448562 0.0)
(0.5 1.067245636448562 0.1)
(0.5 1.086867783358237 0.0)
(0.5 1.086867783358237 0.1)
(0.5 1.1065004649582342 0.0)
(0.5 1.1065004649582342 0.1)
(0.5 1.1261419676837985 0.0)
(0.5 1.1261419676837985 0.1)
(0.5 1.1457908805131367 0.0)
(0.5 1.1457908805131367 0.1)
(0.5 1.1654460394393122 0.0)
(0.5 1.1654460394393122 0.1)
(0.5 1.1851064819328965 0.0)
(0.5 1.1851064819328965 0.1)
(0.5 1.2047714096426803 0.0)
(0.5 1.2047714096426803 0.1)
(0.5 1.2244401578773312 0.0)
(0.5 1.2244401578773312 0.1)
(0.5 1.2441121706609102 0.0)
(0.5 1.2441121706609102 0.1)
(0.5 1.2637869803648396 0.0)
(0.5 1.2637869803648396 0.1)
(0.5 1.2834641910940572 0.0)
(0.5 1.2834641910940572 0.1)
(0.5 1.3031434651505793 0.0)
(0.5 1.3031434651505793 0.1)
(0.5 1.3228245120182585 0.0)
(0.5 1.3228245120182585 0.1)
(0.5 1.3425070794120397 0.0)
(0.5 1.3425070794120397 0.1)
(0.5 1.3621909460171542 0.0)
(0.5 1.3621909460171542 0.1)
(0.5 1.381875915611152 0.0)
(0.5 1.381875915611152 0.1)
(0.5 1.401561812317239 0.0)
(0.5 1.401561812317239 0.1)
(0.5 1.421248476555758 0.0)
(0.5 1.421248476555758 0.1)
(0.5 1.4409357608343472 0.0)
(0.5 1.4409357608343472 0.1)
(0.5 1.4606235242845826 0.0)
(0.5 1.4606235242845826 0.1)
(0.5 1.4803116259442302 0.0)
(0.5 1.4803116259442302 0.1)
(0.5 1.5 0.0)
(0.5 1.5 0.1)
