(0.5 -0.5 0.0)
(0.5 -0.5 0.1)
(0.5 -0.5002108256353741 0.0)
(0.5 -0.5002108256353741 0.1)
(0.5 -0.500469447928712 0.0)
(0.5 -0.500469447928712 0.1)
(0.5 -0.5007679305174458 0.0)
(0.5 -0.5007679305174458 0.1)
(0.5 -0.5011240216309925 0.0)
(0.5 -0.5011240216309925 0.1)
(0.5 -0.5015560077469285 0.0)
(0.5 -0.5015560077469285 0.1)
(0.5 -0.5020828258753209 0.0)
(0.5 -0.5020828258753209 0.1)
(0.5 -0.5027253229864475 0.0)
(0.5 -0.5027253229864475 0.1)
(0.5 -0.5035078330743556 0.0)
(0.5 -0.5035078330743556 0.1)
(0.5 -0.5044593029813487 0.0)
(0.5 -0.5044593029813487 0.1)
(0.5 -0.5056139314111645 0.0)
(0.5 -0.5056139314111645 0.1)
(0.5 -0.5070117864499613 0.0)
(0.5 -0.5070117864499613 0.1)
(0.5 -0.5086993405087809 0.0)
(0.5 -0.5086993405087809 0.1)
(0.5 -0.510729837114585 0.0)
(0.5 -0.510729837114585 0.1)
(0.5 -0.5131633779864595 0.0)
(0.5 -0.5131633779864595 0.1)
(0.5 -0.516066596215361 0.0)
(0.5 -0.516066596215361 0.1)
(0.5 -0.5195117700944683 0.0)
(0.5 -0.5195117700944683 0.1)
(0.5 -0.52357524308948 0.0)
(0.5 -0.52357524308948 0.1)
(0.5 -0.5283350605230772 0.0)
(0.5 -0.5283350605230772 0.1)
(0.5 -0.5338678216206273 0.0)
(0.5 -0.5338678216206273 0.1)
(0.5 -0.5402448760977105 0.0)
(0.5 -0.5402448760977105 0.1)
(0.5 -0.5475281510742953 0.0)
(0.5 -0.5475281510742953 0.1)
(0.5 -0.555766041842605 0.0)
(0.5 -0.555766041842605 0.1)
(0.5 -0.5649898911898702 0.0)
(0.5 -0.5649898911898702 0.1)
(0.5 -0.5752115720904634 0.0)
(0.5 -0.5752115720904634 0.1)
(0.5 -0.58642255776855 0.0)
(0.5 -0.58642255776855 0.1)
(0.5 -0.5985946317217492 0.0)
(0.5 -0.5985946317217492 0.1)
(0.5 -0.6116821170616169 0.0)
(0.5 -0.6116821170616169 0.1)
(0.5 -0.6256252651492061 0.0)
(0.5 -0.6256252651492061 0.1)
(0.5 -0.6403542997412751 0.0)
(0.5 -0.6403542997412751 0.1)
(0.5 -0.655793589473478 0.0)
(0.5 -0.655793589473478 0.1)
(0.5 -0.671865502449197 0.0)
(0.5 -0.671865502449197 0.1)
(0.5 -0.688493639346891 0.0)
(0.5 -0.688493639346891 0.1)
(0.5 -0.7056052978668744 0.0)
(0.5 -0.7056052978668744 0.1)
(0.5 -0.7231331550221923 0.0)
(0.5 -0.7231331550221923 0.1)
(0.5 -0.7410162464670093 0.0)
(0.5 -0.7410162464670093 0.1)
(0.5 -0.7592003717214232 0.0)
(0.5 -0.7592003717214232 0.1)
(0.5 -0.7776380687811001 0.0)
(0.5 -0.7776380687811001 0.1)
(0.5 -0.7962882928408861 0.0)
(0.5 -0.7962882928408861 0.1)
(0.5 -0.8151159126701805 0.0)
(0.5 -0.8151159126701805 0.1)
(0.5 -0.8340911127859771 0.0)
(0.5 -0.8340911127859771 0.1)
(0.5 -0.8531887651374428 0.0)
(0.5 -0.8531887651374428 0.1)
(0.5 -0.8723878131624838 0.0)
(0.5 -0.8723878131624838 0.1)
(0.5 -0.8916706946757117 0.0)
(0.5 -0.8916706946757117 0.1)
(0.5 -0.9110228179526163 0.0)
(0.5 -0.9110228179526163 0.1)
(0.5 -0.9304320969557351 0.0)
(0.5 -0.9304320969557351 0.1)
(0.5 -0.9498885461251465 0.0)
(0.5 -0.9498885461251465 0.1)
(0.5 -0.9693839317818993 0.0)
(0.5 -0.9693839317818993 0.1)
(0.5 -0.9889114753385603 0.0)
(0.5 -0.9889114753385603 0.1)
(0.5 -1.0084656026812928 0.0)
(0.5 -1.0084656026812928 0.1)
(0.5 -1.0280417339159271 0.0)
(0.5 -1.0280417339159271 0.1)
(0.5 -1.047636107895402 0.0)
(0.5 -1.047636107895402 0.1)
(0.5 -1.0672456363892286 0.0)
(0.5 -1.0672456363892286 0.1)
(0.5 -1.0868677832997573 0.0)
(0.5 -1.0868677832997573 0.1)
(0.5 -1.1065004649008172 0.0)
(0.5 -1.1065004649008172 0.1)
(0.5 -1.126141967627646 0.0)
(0.5 -1.126141967627646 0.1)
(0.5 -1.145790880458451 0.0)
(0.5 -1.145790880458451 0.1)
(0.5 -1.1654460393862873 0.0)
(0.5 -1.1654460393862873 0.1)
(0.5 -1.1851064818817258 0.0)
(0.5 -1.1851064818817258 0.1)
(0.5 -1.2047714095935493 0.0)
(0.5 -1.2047714095935493 0.1)
(0.5 -1.2244401578304225 0.0)
(0.5 -1.2244401578304225 0.1)
(0.5 -1.244112170616401 0.0)
(0.5 -1.244112170616401 0.1)
(0.5 -1.263786980322904 0.0)
(0.5 -1.263786980322904 0.1)
(0.5 -1.2834641910548608 0.0)
(0.5 -1.2834641910548608 0.1)
(0.5 -1.3031434651142866 0.0)
(0.5 -1.3031434651142866 0.1)
(0.5 -1.3228245119850255 0.0)
(0.5 -1.3228245119850255 0.1)
(0.5 -1.3425070793820184 0.0)
(0.5 -1.3425070793820184 0.1)
(0.5 -1.3621909459904886 0.0)
(0.5 -1.3621909459904886 0.1)
(0.5 -1.3818759155879745 0.0)
(0.5 -1.3818759155879745 0.1)
(0.5 -1.4015618122976774 0.0)
(0.5 -1.4015618122976774 0.1)
(0.5 -1.4212484765399283 0.0)
(0.5 -1.4212484765399283 0.1)
(0.5 -1.440935760822352 0.0)
(0.5 -1.440935760822352 0.1)
(0.5 -1.4606235242765193 0.0)
(0.5 -1.4606235242765193 0.1)
(0.5 -1.4803116259401727 0.0)
(0.5 -1.4803116259401727 0.1)
(0.5 -1.5 0.0)
(0.5 -1.5 0.1)
