(0.5 1.5 0.0)
(0.5 1.5 0.1)
(0.4643875824208143 1.5 0.0)
(0.4643875824208143 1.5 0.1)
(0.42876054246381773 1.5 0.0)
(0.42876054246381773 1.5 0.1)
(0.3931041033181762 1.5 0.0)
(0.3931041033181762 1.5 0.1)
(0.3574031748170042 1.5 0.0)
(0.3574031748170042 1.5 0.1)
(0.32164218636948294 1.5 0.0)
(0.32164218636948294 1.5 0.1)
(0.2858049071350211 1.5 0.0)
(0.2858049071350211 1.5 0.1)
(0.24987424813678938 1.5 0.0)
(0.24987424813678938 1.5 0.1)
(0.2138320399606515 1.5 0.0)
(0.2138320399606515 1.5 0.1)
(0.1776587781823529 1.5 0.0)
(0.1776587781823529 1.5 0.1)
(0.14133332662398063 1.5 0.0)
(0.14133332662398063 1.5 0.1)
(0.10483256578773917 1.5 0.0)
(0.10483256578773917 1.5 0.1)
(0.06813096988957693 1.5 0.0)
(0.06813096988957693 1.5 0.1)
(0.031200090008618463 1.5 0.0)
(0.031200090008618463 1.5 0.1)
(-0.005992087781247974 1.5 0.0)
(-0.005992087781247974 1.5 0.1)
(-0.043481952444408375 1.5 0.0)
(-0.043481952444408375 1.5 0.1)
(-0.08131130681921017 1.5 0.0)
(-0.08131130681921017 1.5 0.1)
(-0.11952872422555708 1.5 0.0)
(-0.11952872422555708 1.5 0.1)
(-0.15819135812208082 1.5 0.0)
(-0.15819135812208082 1.5 0.1)
(-0.1973674152643446 1.5 0.0)
(-0.1973674152643446 1.5 0.1)
(-0.2371396382804828 1.5 0.0)
(-0.2371396382804828 1.5 0.1)
(-0.277610412298524 1.5 0.0)
(-0.277610412298524 1.5 0.1)
(-0.3189096589346318 1.5 0.0)
(-0.3189096589346318 1.5 0.1)
(-0.36120789310778195 1.5 0.0)
(-0.36120789310778195 1.5 0.1)
(-0.40473994756578724 1.5 0.0)
(-0.40473994756578724 1.5 0.1)
(-0.4498548544956572 1.5 0.0)
(-0.4498548544956572 1.5 0.1)
(-0.4971476408532162 1.5 0.0)
(-0.4971476408532162 1.5 0.1)
(-0.5486203363110526 1.4992117873578288 0.0)
(-0.5486203363110526 1.4992117873578288 0.1)
(-0.6029103496098891 1.4964656305291768 0.0)
(-0.6029103496098891 1.4964656305291768 0.1)
(-0.6594044473437756 1.4915059937382955 0.0)
(-0.6594044473437756 1.4915059937382955 0.1)
(-0.7177270907373374 1.4841141531592894 0.0)
(-0.7177270907373374 1.4841141531592894 0.1)
(-0.7774869276869756 1.4741102043950962 0.0)
(-0.7774869276869756 1.4741102043950962 0.1)
(-0.8383856601900037 1.4613333138090272 0.0)
(-0.8383856601900037 1.4613333138090272 0.1)
(-0.9000878109477504 1.4456589129373736 0.0)
(-0.9000878109477504 1.4456589129373736 0.1)
(-0.9622711849232818 1.42699169508351 0.0)
(-0.9622711849232818 1.42699169508351 0.1)
(-1.0247140034695696 1.405231336164648 0.0)
(-1.0247140034695696 1.405231336164648 0.1)
(-1.0870741660873262 1.3803419191380166 0.0)
(-1.0870741660873262 1.3803419191380166 0.1)
(-1.149085862390678 1.3522897169202521 0.0)
(-1.149085862390678 1.3522897169202521 0.1)
(-1.2105236498333471 1.3210435384914143 0.0)
(-1.2105236498333471 1.3210435384914143 0.1)
(-1.2711034939821855 1.2866232166640204 0.0)
(-1.2711034939821855 1.2866232166640204 0.1)
(-1.3305710834983544 1.2490602966188709 0.0)
(-1.3305710834983544 1.2490602966188709 0.1)
(-1.3886742742564895 1.2084113360356235 0.0)
(-1.3886742742564895 1.2084113360356235 0.1)
(-1.445242593594834 1.1646958165786017 0.0)
(-1.445242593594834 1.1646958165786017 0.1)
(-1.5000088358116461 1.1180260353247329 0.0)
(-1.5000088358116461 1.1180260353247329 0.1)
(-1.552784818819854 1.0684774314211933 0.0)
(-1.552784818819854 1.0684774314211933 0.1)
(-1.6033566542239577 1.0161712511738177 0.0)
(-1.6033566542239577 1.0161712511738177 0.1)
(-1.6515699625136002 0.9611901630198683 0.0)
(-1.6515699625136002 0.9611901630198683 0.1)
(-1.6972416238627668 0.9036661090650333 0.0)
(-1.6972416238627668 0.9036661090650333 0.1)
(-1.7401681711694752 0.8437907757925667 0.0)
(-1.7401681711694752 0.8437907757925667 0.1)
(-1.7802488932307605 0.7816410491402067 0.0)
(-1.7802488932307605 0.7816410491402067 0.1)
(-1.8172984274420863 0.7174431971430918 0.0)
(-1.8172984274420863 0.7174431971430918 0.1)
(-1.8512214778795166 0.6513067064594728 0.0)
(-1.8512214778795166 0.6513067064594728 0.1)
(-1.881885941080904 0.583430509703658 0.0)
(-1.881885941080904 0.583430509703658 0.1)
(-1.909187220144188 0.5139953975809338 0.0)
(-1.909187220144188 0.5139953975809338 0.1)
(-1.9330354386136193 0.44318094253911583 0.0)
(-1.9330354386136193 0.44318094253911583 0.1)
(-1.9533570091761339 0.3711513395087037 0.0)
(-1.9533570091761339 0.3711513395087037 0.1)
(-1.970070414377106 0.2981491533254225 0.0)
(-1.970070414377106 0.2981491533254225 0.1)
(-1.9831327149826736 0.22431504360875962 0.0)
(-1.9831327149826736 0.22431504360875962 0.1)
(-1.9924937465652184 0.14987432875399223 0.0)
(-1.9924937465652184 0.14987432875399223 0.1)
(-1.9981218408687689 0.07503924975746877 0.0)
(-1.9981218408687689 0.07503924975746877 0.1)
(-1.999999991909974 3.615713792301989e-05 0.0)
(-1.999999991909974 3.615713792301989e-05 0.1)
(-1.998123754017878 -0.075000938404757 0.0)
(-1.998123754017878 -0.075000938404757 0.1)
(-1.9924967818974557 -0.14984408112133832 0.0)
(-1.9924967818974557 -0.14984408112133832 0.1)
(-1.9831368002772114 -0.22428803733283229 0.0)
(-1.9831368002772114 -0.22428803733283229 0.1)
(-1.9700746758796037 -0.298128157949145 0.0)
(-1.9700746758796037 -0.298128157949145 0.1)
(-1.9533622955708485 -0.3711306297967282 0.0)
(-1.9533622955708485 -0.3711306297967282 0.1)
(-1.9330405864988884 -0.4431643034062546 0.0)
(-1.9330405864988884 -0.4431643034062546 0.1)
(-1.9091920108985472 -0.5139822616487245 0.0)
(-1.9091920108985472 -0.5139822616487245 0.1)
(-1.8818908057129662 -0.5834189840786654 0.0)
(-1.8818908057129662 -0.5834189840786654 0.1)
(-1.8512261236998135 -0.6512970657239752 0.0)
(-1.8512261236998135 -0.6512970657239752 0.1)
(-1.817302832017232 -0.717435110238388 0.0)
(-1.817302832017232 -0.717435110238388 0.1)
(-1.7802531377604431 -0.7816340942536023 0.0)
(-1.7802531377604431 -0.7816340942536023 0.1)
(-1.7401722605161745 -0.8437847678596841 0.0)
(-1.7401722605161745 -0.8437847678596841 0.1)
(-1.6972455276094702 -0.9036609354162218 0.0)
(-1.6972455276094702 -0.9036609354162218 0.1)
(-1.6515736952558207 -0.9611856918172061 0.0)
(-1.6515736952558207 -0.9611856918172061 0.1)
(-1.6033601955013772 -1.0161674069643702 0.0)
(-1.6033601955013772 -1.0161674069643702 0.1)
(-1.5527881692822516 -1.0684741297528844 0.0)
(-1.5527881692822516 -1.0684741297528844 0.1)
(-1.5000120392457286 -1.1180231700496772 0.0)
(-1.5000120392457286 -1.1180231700496772 0.1)
(-1.4452456247577505 -1.1646933560941797 0.0)
(-1.4452456247577505 -1.1646933560941797 0.1)
(-1.3886771358554966 -1.2084092321486057 0.0)
(-1.3886771358554966 -1.2084092321486057 0.1)
(-1.330573767570062 -1.2490585111847585 0.0)
(-1.330573767570062 -1.2490585111847585 0.1)
(-1.271105991962402 -1.2866217193104403 0.0)
(-1.271105991962402 -1.2866217193104403 0.1)
(-1.2105259505265291 -1.3210423010910828 0.0)
(-1.2105259505265291 -1.3210423010910828 0.1)
(-1.1490879825598572 -1.352288699640273 0.0)
(-1.1490879825598572 -1.352288699640273 0.1)
(-1.0870760642706898 -1.380341111740473 0.0)
(-1.0870760642706898 -1.380341111740473 0.1)
(-1.0247157036248724 -1.4052307012240763 0.0)
(-1.0247157036248724 -1.4052307012240763 0.1)
(-0.9622727032058479 -1.4269912035102137 0.0)
(-0.9622727032058479 -1.4269912035102137 0.1)
(-0.9000891361924409 -1.445658545938133 0.0)
(-0.9000891361924409 -1.445658545938133 0.1)
(-0.8383868021739642 -1.4613330492535588 0.0)
(-0.8383868021739642 -1.4613330492535588 0.1)
(-0.7774879147872059 -1.4741100186163023 0.0)
(-0.7774879147872059 -1.4741100186163023 0.1)
(-0.7177279504691059 -1.4841140269530875 0.0)
(-0.7177279504691059 -1.4841140269530875 0.1)
(-0.6594052002104849 -1.4915059133472814 0.0)
(-0.6594052002104849 -1.4915059133472814 0.1)
(-0.6029110100371492 -1.4964655850283017 0.0)
(-0.6029110100371492 -1.4964655850283017 0.1)
(-0.5486209152807578 -1.4992117685112016 0.0)
(-0.5486209152807578 -1.4992117685112016 0.1)
(-0.49714814820799474 -1.5 0.0)
(-0.49714814820799474 -1.5 0.1)
(-0.4498553010177121 -1.5 0.0)
(-0.4498553010177121 -1.5 0.1)
(-0.4047403414159266 -1.5 0.0)
(-0.4047403414159266 -1.5 0.1)
(-0.3612082409255084 -1.5 0.0)
(-0.3612082409255084 -1.5 0.1)
(-0.3189099662329559 -1.5 0.0)
(-0.3189099662329559 -1.5 0.1)
(-0.2776106837667905 -1.5 0.0)
(-0.2776106837667905 -1.5 0.1)
(-0.237139877962487 -1.5 0.0)
(-0.237139877962487 -1.5 0.1)
(-0.1973676266735748 -1.5 0.0)
(-0.1973676266735748 -1.5 0.1)
(-0.15819154437045496 -1.5 0.0)
(-0.15819154437045496 -1.5 0.1)
(-0.11952888811673534 -1.5 0.0)
(-0.11952888811673534 -1.5 0.1)
(-0.0813114508701084 -1.5 0.0)
(-0.0813114508701084 -1.5 0.1)
(-0.043482078887626896 -1.5 0.0)
(-0.043482078887626896 -1.5 0.1)
(-0.005992198594063291 -1.5 0.0)
(-0.005992198594063291 -1.5 0.1)
(0.031199993066528466 -1.5 0.0)
(0.031199993066528466 -1.5 0.1)
(0.06813088525927544 -1.5 0.0)
(0.06813088525927544 -1.5 0.1)
(0.1048324921106196 -1.5 0.0)
(0.1048324921106196 -1.5 0.1)
(0.1413332627358685 -1.5 0.0)
(0.1413332627358685 -1.5 0.1)
(0.17765872309390016 -1.5 0.0)
(0.17765872309390016 -1.5 0.1)
(0.21383199283281884 -1.5 0.0)
(0.21383199283281884 -1.5 0.1)
(0.249874208261789 -1.5 0.0)
(0.249874208261789 -1.5 0.1)
(0.28580487392476805 -1.5 0.0)
(0.28580487392476805 -1.5 0.1)
(0.321642159347421 -1.5 0.0)
(0.321642159347421 -1.5 0.1)
(0.3574031536092007 -1.5 0.0)
(0.3574031536092007 -1.5 0.1)
(0.3931040876427409 -1.5 0.0)
(0.3931040876427409 -1.5 0.1)
(0.4287605321201064 -1.5 0.0)
(0.4287605321201064 -1.5 0.1)
(0.46438757728030483 -1.5 0.0)
(0.46438757728030483 -1.5 0.1)
(0.5 -1.5 0.0)
(0.5 -1.5 0.1)
