/*--------------------------------*- C++ -*----------------------------------*\
| =========                 |                                                 |
| \\      /  F ield         | OpenFOAM: The Open Source CFD Toolbox           |
|  \\    /   O peration     | Version:  2312                                  |
|   \\  /    A nd           | Website:  www.openfoam.com                      |
|    \\/     M anipulation  |                                                 |
\*---------------------------------------------------------------------------*/
FoamFile
{
    version     2.0;
    format      ascii;
    arch        "LSB;label=32;scalar=64";
    class       volScalarField;
    location    "0";
    object      p;
}
// * * * * * * * * * * * * * * * * * * * * * * * * * * * * * * * * * * * * * //

dimensions      [1 -1 -2 0 0 0 0];

internalField   nonuniform List<scalar> 
8880
(
99999.29
99999.381
99999.473
99999.567
99999.663
99999.759
99999.858
99999.958
100000.06
100000.16
100000.27
100000.38
100000.49
100000.6
100000.71
100008.39
100008.56
100008.72
100008.88
100009.04
100009.19
100009.35
100009.5
100009.65
100009.8
100009.94
100010.08
100010.22
100010.36
100010.49
100010.6
100010.71
100010.82
100010.92
100011.02
100011.12
100011.21
100011.3
100011.39
100011.47
100012.8
100012.82
100012.85
100012.87
100012.89
100012.9
100012.96
100013.01
100013.06
100014.5
100014.52
100014.42
100014.45
100015.24
100014.93
100014.95
100015.04
100014.9
100014.76
100014.7
100014.51
100014.25
100014.04
100013.6
100013.38
100013.37
100012.92
100012.53
100012.52
100011.99
100011.97
100011.42
100011.41
100011.4
100011.39
100010.8
100010.77
100010.74
100010.71
100010.68
100010.5
100010.5
100010.5
100010.5
100010.5
100010.5
100010.49
100010.49
100010.48
100010.48
100010.47
100010.46
100010.45
100010.44
100010.42
100010.41
100010.39
100010.37
100010.35
100010.33
100010.3
100010.28
100010.25
100010.22
100010.19
100004.94
100004.85
100004.75
100004.66
100004.57
100004.48
100004.39
100004.3
100004.21
100004.12
100004.04
100003.95
100003.87
100003.78
100003.7
99999.29
99999.381
99999.473
99999.567
99999.663
99999.759
99999.858
99999.958
100000.06
100000.16
100000.27
100000.38
100000.49
100000.6
100000.71
100008.39
100008.56
100008.72
100008.88
100009.04
100009.19
100009.35
100009.5
100009.65
100009.8
100009.94
100010.08
100010.22
100010.36
100010.49
100010.6
100010.71
100010.82
100010.92
100011.02
100011.12
100011.21
100011.3
100011.39
100011.47
100012.8
100012.82
100012.85
100012.87
100012.89
100012.9
100012.96
100013.01
100013.06
100014.5
100014.52
100014.42
100014.45
100015.24
100014.93
100014.95
100015.04
100014.9
100014.77
100014.7
100014.51
100014.25
100014.04
100013.6
100013.38
100013.37
100012.92
100012.53
100012.52
100011.99
100011.97
100011.42
100011.41
100011.4
100011.39
100010.8
100010.77
100010.74
100010.71
100010.68
100010.5
100010.5
100010.5
100010.5
100010.5
100010.5
100010.49
100010.49
100010.48
100010.48
100010.47
100010.46
100010.45
100010.44
100010.42
100010.41
100010.39
100010.37
100010.35
100010.33
100010.3
100010.28
100010.25
100010.22
100010.19
100004.94
100004.85
100004.75
100004.66
100004.57
100004.48
100004.39
100004.3
100004.21
100004.12
100004.04
100003.95
100003.87
100003.78
100003.7
99999.29
99999.381
99999.473
99999.567
99999.663
99999.759
99999.858
99999.958
100000.06
100000.16
100000.27
100000.38
100000.49
100000.6
100000.71
100008.39
100008.56
100008.72
100008.88
100009.04
100009.19
100009.35
100009.5
100009.65
100009.8
100009.94
100010.08
100010.22
100010.36
100010.49
100010.6
100010.71
100010.82
100010.92
100011.02
100011.12
100011.21
100011.3
100011.39
100011.47
100011.55
100012.82
100012.85
100012.87
100012.89
100012.9
100012.96
100013.01
100013.06
100014.5
100014.52
100014.42
100014.45
100015.24
100014.93
100014.95
100015.04
100014.9
100014.77
100014.7
100014.51
100014.25
100014.04
100013.6
100013.38
100013.37
100012.92
100012.53
100012.52
100011.99
100011.97
100011.42
100011.41
100011.4
100011.39
100010.8
100010.77
100010.74
100010.71
100010.5
100010.5
100010.5
100010.5
100010.5
100010.5
100010.5
100010.49
100010.49
100010.48
100010.48
100010.47
100010.46
100010.45
100010.44
100010.42
100010.41
100010.39
100010.37
100010.35
100010.33
100010.3
100010.28
100010.25
100010.22
100010.19
100004.94
100004.85
100004.75
100004.66
100004.57
100004.48
100004.39
100004.3
100004.21
100004.12
100004.04
100003.95
100003.87
100003.78
100003.7
99999.29
99999.381
99999.473
99999.567
99999.663
99999.759
99999.858
99999.958
100000.06
100000.16
100000.27
100000.38
100000.49
100000.6
100000.71
100008.39
100008.56
100008.72
100008.88
100009.04
100009.19
100009.35
100009.5
100009.65
100009.8
100009.94
100010.08
100010.22
100010.36
100010.49
100010.6
100010.71
100010.82
100010.92
100011.02
100011.12
100011.21
100011.3
100011.39
100011.47
100011.55
100012.82
100012.85
100012.87
100012.89
100012.91
100012.96
100013.01
100013.06
100014.5
100014.52
100014.42
100014.45
100015.24
100014.93
100014.95
100015.04
100014.9
100014.77
100014.7
100014.52
100014.25
100014.04
100013.6
100013.38
100013.37
100012.92
100012.53
100012.52
100011.99
100011.97
100011.42
100011.41
100011.4
100011.39
100010.8
100010.77
100010.74
100010.71
100010.5
100010.5
100010.5
100010.5
100010.5
100010.5
100010.5
100010.49
100010.49
100010.48
100010.48
100010.47
100010.46
100010.45
100010.44
100010.42
100010.41
100010.39
100010.37
100010.35
100010.33
100010.3
100010.28
100010.25
100010.22
100010.19
100004.95
100004.85
100004.75
100004.66
100004.57
100004.48
100004.39
100004.3
100004.21
100004.12
100004.04
100003.95
100003.87
100003.78
100003.7
99999.29
99999.381
99999.473
99999.567
99999.663
99999.759
99999.858
99999.958
100000.06
100000.16
100000.27
100000.38
100000.49
100000.6
100000.71
100008.39
100008.56
100008.72
100008.88
100009.04
100009.19
100009.35
100009.5
100009.65
100009.8
100009.94
100010.08
100010.22
100010.36
100010.49
100010.6
100010.71
100010.82
100010.92
100011.02
100011.12
100011.21
100011.3
100011.39
100011.47
100011.55
100012.83
100012.85
100012.87
100012.89
100012.91
100012.96
100013.01
100013.06
100014.5
100014.52
100014.42
100014.46
100015.24
100014.93
100014.95
100015.05
100014.9
100014.77
100014.7
100014.52
100014.25
100014.04
100013.6
100013.38
100013.37
100012.92
100012.53
100012.52
100011.99
100011.97
100011.42
100011.41
100011.4
100011.39
100010.8
100010.77
100010.74
100010.71
100010.5
100010.5
100010.5
100010.5
100010.5
100010.5
100010.5
100010.49
100010.49
100010.48
100010.48
100010.47
100010.46
100010.45
100010.44
100010.42
100010.41
100010.39
100010.37
100010.35
100010.33
100010.3
100010.28
100010.25
100010.22
100010.19
100004.95
100004.85
100004.75
100004.66
100004.57
100004.48
100004.39
100004.3
100004.21
100004.12
100004.04
100003.95
100003.87
100003.78
100003.7
99999.29
99999.381
99999.474
99999.567
99999.663
99999.759
99999.858
99999.958
100000.06
100000.16
100000.27
100000.38
100000.49
100000.6
100008.22
100008.39
100008.56
100008.72
100008.88
100009.04
100009.19
100009.35
100009.5
100009.65
100009.8
100009.94
100010.08
100010.22
100010.36
100010.49
100010.6
100010.71
100010.82
100010.92
100011.02
100011.12
100011.21
100011.3
100011.39
100011.47
100011.55
100012.83
100012.85
100012.87
100012.89
100012.91
100012.96
100013.02
100013.06
100014.5
100014.52
100014.43
100014.46
100015.24
100014.93
100014.95
100015.05
100014.9
100014.77
100014.7
100014.52
100014.25
100014.04
100013.6
100013.38
100013.37
100012.92
100012.54
100012.52
100011.99
100011.97
100011.42
100011.41
100011.4
100011.39
100010.8
100010.78
100010.74
100010.71
100010.5
100010.5
100010.5
100010.5
100010.5
100010.5
100010.5
100010.49
100010.49
100010.48
100010.48
100010.47
100010.46
100010.45
100010.44
100010.42
100010.41
100010.39
100010.37
100010.35
100010.33
100010.3
100010.28
100010.25
100010.22
100010.19
100010.16
100004.85
100004.75
100004.66
100004.57
100004.48
100004.39
100004.3
100004.21
100004.12
100004.04
100003.95
100003.87
100003.78
100003.7
99999.29
99999.381
99999.474
99999.567
99999.663
99999.76
99999.858
99999.958
100000.06
100000.16
100000.27
100000.38
100000.49
100000.6
100008.22
100008.39
100008.56
100008.72
100008.88
100009.04
100009.19
100009.35
100009.5
100009.65
100009.8
100009.94
100010.08
100010.22
100010.36
100010.49
100010.6
100010.72
100010.82
100010.92
100011.02
100011.12
100011.21
100011.3
100011.39
100011.47
100011.55
100012.83
100012.85
100012.87
100012.89
100012.91
100012.96
100013.02
100013.06
100014.5
100014.53
100014.43
100014.46
100015.24
100014.93
100014.95
100015.05
100014.91
100014.77
100014.7
100014.52
100014.26
100014.04
100013.6
100013.38
100013.37
100012.92
100012.54
100012.52
100012
100011.97
100011.42
100011.41
100011.4
100011.39
100010.8
100010.78
100010.74
100010.71
100010.5
100010.5
100010.5
100010.5
100010.5
100010.5
100010.5
100010.49
100010.49
100010.48
100010.48
100010.47
100010.46
100010.45
100010.44
100010.42
100010.41
100010.39
100010.37
100010.35
100010.33
100010.3
100010.28
100010.25
100010.22
100010.19
100010.16
100004.85
100004.75
100004.66
100004.57
100004.48
100004.39
100004.3
100004.21
100004.12
100004.04
100003.95
100003.87
100003.78
100003.7
99999.29
99999.381
99999.474
99999.567
99999.663
99999.76
99999.858
99999.958
100000.06
100000.16
100000.27
100000.38
100000.49
100000.6
100008.22
100008.39
100008.56
100008.72
100008.88
100009.04
100009.19
100009.35
100009.5
100009.65
100009.8
100009.94
100010.09
100010.22
100010.36
100010.49
100010.61
100010.72
100010.82
100010.92
100011.02
100011.12
100011.21
100011.3
100011.39
100011.47
100011.55
100012.83
100012.85
100012.87
100012.89
100012.91
100012.97
100013.02
100013.06
100014.5
100014.53
100014.43
100014.46
100015.24
100014.94
100014.95
100015.05
100014.91
100014.77
100014.71
100014.52
100014.26
100014.05
100013.6
100013.38
100013.37
100012.92
100012.54
100012.52
100012
100011.97
100011.42
100011.41
100011.4
100011.39
100010.8
100010.78
100010.75
100010.71
100010.5
100010.5
100010.5
100010.5
100010.5
100010.5
100010.5
100010.49
100010.49
100010.48
100010.48
100010.47
100010.46
100010.45
100010.44
100010.42
100010.41
100010.39
100010.37
100010.35
100010.33
100010.3
100010.28
100010.25
100010.22
100010.19
100010.16
100004.85
100004.75
100004.66
100004.57
100004.48
100004.39
100004.3
100004.21
100004.12
100004.04
100003.95
100003.87
100003.78
100003.7
99999.29
99999.381
99999.474
99999.568
99999.663
99999.76
99999.858
99999.958
100000.06
100000.16
100000.27
100000.38
100000.49
100000.6
100008.22
100008.39
100008.56
100008.72
100008.88
100009.04
100009.19
100009.35
100009.5
100009.65
100009.8
100009.94
100010.09
100010.22
100010.36
100010.49
100010.61
100010.72
100010.82
100010.93
100011.03
100011.12
100011.22
100011.31
100011.39
100011.48
100011.55
100012.83
100012.85
100012.87
100012.89
100012.91
100012.97
100013.02
100013.07
100014.51
100014.53
100014.43
100014.46
100015.24
100015.26
100014.96
100015.05
100014.91
100014.77
100014.71
100014.52
100014.26
100014.05
100013.6
100013.38
100012.94
100012.92
100012.54
100012.52
100012
100011.97
100011.42
100011.41
100011.4
100011.39
100010.81
100010.78
100010.75
100010.71
100010.5
100010.5
100010.5
100010.5
100010.5
100010.5
100010.5
100010.49
100010.49
100010.48
100010.48
100010.47
100010.46
100010.45
100010.44
100010.42
100010.41
100010.39
100010.37
100010.35
100010.33
100010.3
100010.28
100010.25
100010.22
100010.19
100010.16
100004.85
100004.75
100004.66
100004.57
100004.48
100004.39
100004.3
100004.21
100004.12
100004.04
100003.95
100003.87
100003.78
100003.7
99999.29
99999.381
99999.474
99999.568
99999.663
99999.76
99999.858
99999.958
100000.06
100000.16
100000.27
100000.38
100000.49
100000.6
100008.22
100008.39
100008.56
100008.72
100008.88
100009.04
100009.2
100009.35
100009.5
100009.65
100009.8
100009.94
100010.09
100010.23
100010.36
100010.49
100010.61
100010.72
100010.82
100010.93
100011.03
100011.12
100011.22
100011.31
100011.4
100011.48
100011.56
100012.83
100012.85
100012.87
100012.89
100012.91
100012.97
100013.02
100013.07
100014.51
100014.53
100014.43
100014.46
100015.25
100015.26
100014.96
100015.05
100014.91
100014.77
100014.71
100014.52
100014.26
100014.05
100013.61
100013.38
100012.94
100012.93
100012.54
100012.53
100012
100011.98
100011.42
100011.41
100011.4
100011.39
100010.81
100010.78
100010.75
100010.71
100010.5
100010.5
100010.5
100010.5
100010.5
100010.5
100010.5
100010.49
100010.49
100010.48
100010.48
100010.47
100010.46
100010.45
100010.44
100010.42
100010.41
100010.39
100010.37
100010.35
100010.33
100010.3
100010.28
100010.25
100010.22
100010.19
100010.16
100004.85
100004.75
100004.66
100004.57
100004.48
100004.39
100004.3
100004.21
100004.12
100004.04
100003.95
100003.87
100003.78
100003.7
99999.29
99999.381
99999.474
99999.568
99999.663
99999.76
99999.858
99999.958
100000.06
100000.16
100000.27
100000.38
100000.49
100000.6
100008.22
100008.39
100008.56
100008.72
100008.88
100009.04
100009.2
100009.35
100009.5
100009.65
100009.8
100009.94
100010.09
100010.23
100010.36
100010.49
100010.61
100010.72
100010.82
100010.93
100011.03
100011.13
100011.22
100011.31
100011.4
100011.48
100011.56
100012.83
100012.85
100012.87
100012.89
100012.92
100012.97
100013.03
100013.07
100014.51
100014.53
100014.44
100014.47
100015.25
100015.26
100014.96
100015.05
100014.91
100014.78
100014.71
100014.53
100014.26
100014.05
100013.61
100013.38
100012.94
100012.93
100012.54
100012.53
100012
100011.98
100011.42
100011.41
100011.4
100011.39
100010.81
100010.78
100010.75
100010.72
100010.5
100010.5
100010.5
100010.5
100010.5
100010.5
100010.5
100010.49
100010.49
100010.48
100010.48
100010.47
100010.46
100010.45
100010.44
100010.42
100010.41
100010.39
100010.37
100010.35
100010.33
100010.3
100010.28
100010.25
100010.22
100010.19
100010.16
100004.85
100004.75
100004.66
100004.57
100004.48
100004.39
100004.3
100004.21
100004.12
100004.04
100003.95
100003.87
100003.78
100003.7
99999.29
99999.381
99999.474
99999.568
99999.663
99999.76
99999.858
99999.959
100000.06
100000.16
100000.27
100000.38
100000.49
100000.6
100008.22
100008.39
100008.56
100008.72
100008.88
100009.04
100009.2
100009.35
100009.5
100009.65
100009.8
100009.94
100010.09
100010.23
100010.36
100010.49
100010.61
100010.72
100010.83
100010.93
100011.03
100011.13
100011.22
100011.31
100011.4
100011.48
100011.56
100012.83
100012.85
100012.87
100012.89
100012.91
100012.98
100013.03
100013.08
100014.51
100014.53
100014.44
100014.47
100015.25
100015.27
100014.96
100015.06
100014.87
100014.78
100014.71
100014.53
100014.26
100013.93
100013.61
100013.39
100012.95
100012.93
100012.54
100012.53
100012
100011.98
100011.42
100011.41
100011.4
100010.84
100010.81
100010.78
100010.75
100010.72
100010.5
100010.5
100010.5
100010.5
100010.5
100010.5
100010.5
100010.49
100010.49
100010.48
100010.48
100010.47
100010.46
100010.45
100010.44
100010.42
100010.41
100010.39
100010.37
100010.35
100010.33
100010.3
100010.28
100010.25
100010.22
100010.19
100010.16
100004.85
100004.75
100004.66
100004.57
100004.48
100004.39
100004.3
100004.21
100004.12
100004.04
100003.95
100003.87
100003.78
100003.7
99999.29
99999.382
99999.474
99999.568
99999.663
99999.76
99999.859
99999.959
100000.06
100000.16
100000.27
100000.38
100000.49
100000.6
100008.22
100008.39
100008.56
100008.72
100008.88
100009.04
100009.2
100009.35
100009.5
100009.65
100009.8
100009.95
100010.09
100010.23
100010.36
100010.49
100010.61
100010.72
100010.83
100010.93
100011.03
100011.13
100011.22
100011.32
100011.4
100011.49
100011.57
100012.83
100012.85
100012.87
100012.89
100012.91
100012.98
100013.03
100013.08
100014.51
100014.53
100014.44
100014.47
100015.25
100015.27
100014.97
100015.06
100014.87
100014.78
100014.72
100014.53
100014.27
100013.93
100013.61
100013.39
100012.95
100012.93
100012.54
100012.53
100012
100011.98
100011.42
100011.41
100011.4
100010.84
100010.81
100010.78
100010.75
100010.72
100010.5
100010.5
100010.5
100010.5
100010.5
100010.5
100010.5
100010.49
100010.49
100010.48
100010.48
100010.47
100010.46
100010.45
100010.44
100010.42
100010.41
100010.39
100010.37
100010.35
100010.33
100010.3
100010.28
100010.25
100010.22
100010.19
100010.16
100004.85
100004.75
100004.66
100004.57
100004.48
100004.39
100004.3
100004.21
100004.12
100004.04
100003.95
100003.87
100003.78
100003.7
99999.291
99999.382
99999.474
99999.568
99999.663
99999.76
99999.859
99999.959
100000.06
100000.16
100000.27
100000.38
100000.49
100000.6
100008.23
100008.39
100008.56
100008.72
100008.88
100009.04
100009.2
100009.35
100009.5
100009.65
100009.8
100009.95
100010.09
100010.23
100010.36
100010.49
100010.61
100010.72
100010.83
100010.93
100011.03
100011.13
100011.23
100011.32
100011.41
100011.49
100011.57
100012.83
100012.85
100012.87
100012.89
100012.91
100012.99
100013.04
100013.08
100014.51
100014.54
100014.45
100014.48
100015.26
100015.27
100014.97
100015.06
100014.87
100014.79
100014.72
100014.54
100014.27
100013.93
100013.62
100013.39
100012.95
100012.94
100012.54
100012.53
100012.01
100011.98
100011.42
100011.41
100011.4
100010.84
100010.81
100010.78
100010.75
100010.72
100010.5
100010.5
100010.5
100010.5
100010.5
100010.5
100010.5
100010.49
100010.49
100010.48
100010.48
100010.47
100010.46
100010.45
100010.44
100010.42
100010.41
100010.39
100010.37
100010.35
100010.33
100010.3
100010.28
100010.25
100010.22
100010.19
100010.16
100004.85
100004.76
100004.66
100004.57
100004.48
100004.39
100004.3
100004.21
100004.12
100004.04
100003.95
100003.87
100003.78
100003.7
99999.291
99999.382
99999.474
99999.568
99999.664
99999.761
99999.859
99999.959
100000.06
100000.16
100000.27
100000.38
100000.49
100000.6
100008.23
100008.39
100008.56
100008.72
100008.88
100009.04
100009.2
100009.35
100009.51
100009.65
100009.8
100009.95
100010.09
100010.23
100010.36
100010.49
100010.61
100010.72
100010.83
100010.94
100011.04
100011.14
100011.23
100011.32
100011.41
100011.5
100011.58
100012.83
100012.85
100012.87
100012.89
100012.91
100012.99
100013.04
100013.09
100014.52
100014.54
100014.45
100014.49
100015.26
100015.28
100014.98
100015.07
100014.88
100014.79
100014.73
100014.54
100014.28
100013.94
100013.62
100013.39
100012.96
100012.94
100012.55
100012.53
100012.01
100011.99
100011.42
100011.41
100011.4
100010.84
100010.82
100010.79
100010.76
100010.72
100010.5
100010.5
100010.5
100010.5
100010.5
100010.5
100010.5
100010.49
100010.49
100010.48
100010.48
100010.47
100010.46
100010.45
100010.44
100010.42
100010.41
100010.39
100010.37
100010.35
100010.33
100010.3
100010.28
100010.25
100010.22
100010.19
100010.16
100004.85
100004.76
100004.66
100004.57
100004.48
100004.39
100004.3
100004.21
100004.12
100004.04
100003.95
100003.87
100003.78
100003.7
99997.532
99997.695
99997.861
99998.029
99998.2
99998.374
99998.552
99998.732
99998.916
99999.103
99999.294
99999.489
99999.688
99999.891
100009.6
100009.64
100009.67
100009.71
100009.74
100009.77
100009.8
100009.82
100009.85
100009.87
100009.89
100009.9
100009.92
100009.93
100009.94
100009.95
100010.61
100010.73
100010.84
100010.94
100011.04
100011.14
100011.24
100011.33
100011.42
100011.5
100011.58
100012.83
100012.85
100012.87
100012.89
100012.91
100013
100013.05
100013.1
100014.52
100014.54
100014.46
100014.49
100015.27
100015.28
100014.98
100015.07
100014.89
100014.8
100014.73
100014.55
100014.28
100013.94
100013.63
100013.4
100012.96
100012.95
100012.55
100012.54
100012.01
100011.99
100011.42
100011.41
100011.4
100010.84
100010.82
100010.79
100010.76
100010.72
100010.5
100010.5
100010.5
100010.5
100010.5
100010.5
100010.5
100010.49
100010.49
100010.48
100010.48
100009.78
100009.73
100009.68
100009.63
100009.57
100009.52
100009.46
100009.41
100009.35
100009.29
100009.23
100009.16
100009.1
100009.03
100008.97
100008.9
100005.51
100005.46
100005.42
100005.37
100005.33
100005.29
100005.25
100005.2
100005.16
100005.12
100005.08
100005.04
100005
100004.96
99997.532
99997.695
99997.861
99998.029
99998.2
99998.374
99998.552
99998.732
99998.916
99999.104
99999.295
99999.49
99999.689
99999.892
100009.6
100009.64
100009.67
100009.71
100009.74
100009.77
100009.8
100009.82
100009.84
100009.87
100009.88
100009.9
100009.92
100009.93
100009.94
100009.94
100009.95
100010.73
100010.84
100010.94
100011.05
100011.15
100011.24
100011.34
100011.42
100011.51
100011.59
100012.83
100012.85
100012.87
100012.89
100012.91
100013.01
100013.06
100013.11
100014.52
100014.55
100014.47
100014.5
100015.27
100015.29
100014.99
100015.08
100014.89
100014.81
100014.74
100014.56
100014.29
100013.95
100013.63
100013.4
100012.97
100012.95
100012.55
100012.54
100012.02
100012
100011.42
100011.41
100011.4
100010.85
100010.82
100010.79
100010.76
100010.73
100010.5
100010.5
100010.5
100010.5
100010.5
100010.5
100010.49
100010.49
100010.49
100010.48
100009.82
100009.78
100009.73
100009.68
100009.63
100009.58
100009.52
100009.46
100009.41
100009.35
100009.29
100009.23
100009.16
100009.1
100009.03
100008.97
100008.9
100005.51
100005.46
100005.42
100005.37
100005.33
100005.29
100005.25
100005.2
100005.16
100005.12
100005.08
100005.04
100005
100004.96
99997.532
99997.695
99997.861
99998.029
99998.2
99998.375
99998.552
99998.733
99998.917
99999.104
99999.296
99999.491
99999.69
99999.894
100009.6
100009.63
100009.67
100009.71
100009.74
100009.77
100009.79
100009.82
100009.84
100009.86
100009.88
100009.9
100009.91
100009.93
100009.93
100009.94
100009.95
100009.95
100010.84
100010.95
100011.05
100011.15
100011.25
100011.34
100011.43
100011.52
100011.6
100011.68
100012.86
100012.88
100012.9
100012.91
100013.02
100013.07
100013.12
100014.53
100014.55
100014.48
100014.51
100015.28
100015.3
100015
100015.09
100014.9
100014.82
100014.75
100014.56
100014.29
100013.95
100013.64
100013.41
100012.97
100012.96
100012.56
100012.54
100012.03
100012
100011.42
100011.41
100011.4
100010.85
100010.83
100010.8
100010.76
100010.5
100010.5
100010.5
100010.5
100010.5
100010.5
100010.5
100010.49
100010.49
100010.49
100009.86
100009.82
100009.78
100009.73
100009.68
100009.63
100009.58
100009.52
100009.47
100009.41
100009.35
100009.29
100009.23
100009.16
100009.1
100009.03
100008.97
100008.9
100005.51
100005.46
100005.42
100005.37
100005.33
100005.29
100005.25
100005.2
100005.16
100005.12
100005.08
100005.04
100005
100004.96
99997.531
99997.695
99997.86
99998.029
99998.2
99998.375
99998.552
99998.733
99998.917
99999.105
99999.296
99999.492
99999.691
99999.895
100009.6
100009.63
100009.67
100009.7
100009.74
100009.77
100009.79
100009.82
100009.84
100009.86
100009.88
100009.9
100009.91
100009.92
100009.93
100009.94
100009.94
100009.95
100009.95
100010.95
100011.06
100011.16
100011.26
100011.35
100011.44
100011.53
100011.61
100011.69
100012.86
100012.88
100012.9
100012.92
100013.03
100013.08
100013.13
100014.53
100014.56
100014.49
100014.52
100015.29
100015.31
100015.01
100015.1
100014.91
100014.83
100014.76
100014.57
100014.3
100013.96
100013.65
100013.41
100012.98
100012.97
100012.56
100012.55
100012.03
100012.01
100011.42
100011.41
100011.4
100010.86
100010.83
100010.8
100010.77
100010.5
100010.5
100010.5
100010.5
100010.5
100010.5
100010.5
100010.49
100010.49
100009.9
100009.86
100009.82
100009.78
100009.73
100009.68
100009.63
100009.58
100009.52
100009.47
100009.41
100009.35
100009.29
100009.23
100009.16
100009.1
100009.04
100008.97
100008.9
100005.51
100005.46
100005.42
100005.38
100005.33
100005.29
100005.25
100005.2
100005.16
100005.12
100005.08
100005.04
100005
100004.96
99997.531
99997.694
99997.86
99998.029
99998.201
99998.375
99998.553
99998.734
99998.918
99999.106
99999.298
99999.493
99999.693
100009.55
100009.6
100009.63
100009.67
100009.7
100009.74
100009.77
100009.79
100009.82
100009.84
100009.86
100009.88
100009.9
100009.91
100009.92
100009.93
100009.94
100009.94
100009.95
100009.95
100009.95
100011.06
100011.17
100011.27
100011.36
100011.45
100011.54
100011.62
100011.7
100012.86
100012.88
100012.9
100012.92
100013.04
100013.09
100013.14
100014.54
100014.56
100014.58
100014.54
100015.3
100015.32
100015.03
100015.11
100014.93
100014.84
100014.77
100014.59
100014.31
100013.97
100013.66
100013.42
100012.99
100012.97
100012.56
100012.06
100012.04
100012.02
100011.43
100011.42
100011.41
100010.86
100010.84
100010.81
100010.77
100010.5
100010.5
100010.5
100010.5
100010.5
100010.5
100010.5
100010.49
100009.94
100009.9
100009.87
100009.82
100009.78
100009.73
100009.68
100009.63
100009.58
100009.52
100009.47
100009.41
100009.35
100009.29
100009.23
100009.17
100009.1
100009.04
100008.97
100008.9
100008.83
100005.46
100005.42
100005.38
100005.33
100005.29
100005.25
100005.2
100005.16
100005.12
100005.08
100005.04
100005
100004.96
99997.531
99997.694
99997.86
99998.029
99998.201
99998.375
99998.553
99998.734
99998.919
99999.107
99999.299
99999.495
99999.695
100009.55
100009.59
100009.63
100009.67
100009.7
100009.73
100009.76
100009.79
100009.82
100009.84
100009.86
100009.88
100009.89
100009.91
100009.92
100009.93
100009.93
100009.94
100009.94
100009.94
100009.95
100009.95
100011.18
100011.28
100011.37
100011.47
100011.55
100011.64
100011.72
100012.86
100012.88
100012.9
100012.92
100013.05
100013.11
100013.16
100014.55
100014.57
100014.59
100014.55
100015.31
100015.33
100015.04
100015.12
100014.94
100014.85
100014.78
100014.6
100014.32
100013.98
100013.67
100013.43
100013
100012.98
100012.57
100012.07
100012.05
100012.02
100011.43
100011.42
100011.41
100010.87
100010.84
100010.81
100010.78
100010.49
100010.49
100010.5
100010.5
100010.5
100010.5
100010.5
100009.98
100009.94
100009.91
100009.87
100009.83
100009.78
100009.74
100009.69
100009.63
100009.58
100009.53
100009.47
100009.41
100009.35
100009.29
100009.23
100009.17
100009.1
100009.04
100008.97
100008.9
100008.83
100005.47
100005.42
100005.38
100005.33
100005.29
100005.25
100005.2
100005.16
100005.12
100005.08
100005.04
100005
100004.96
99997.53
99997.694
99997.86
99998.029
99998.201
99998.376
99998.554
99998.735
99998.92
99999.108
99999.3
99999.496
99999.696
100009.55
100009.59
100009.63
100009.67
100009.7
100009.73
100009.76
100009.79
100009.82
100009.84
100009.86
100009.88
100009.89
100009.91
100009.92
100009.92
100009.93
100009.94
100009.94
100009.94
100009.94
100009.94
100011.19
100011.29
100011.38
100011.48
100011.57
100011.65
100011.73
100011.81
100012.88
100012.9
100012.92
100012.94
100013.13
100013.18
100013.22
100014.58
100014.6
100014.57
100015.32
100015.34
100015.06
100015.13
100014.96
100014.87
100014.8
100014.61
100014.34
100013.99
100013.68
100013.44
100013.01
100013
100012.58
100012.08
100012.06
100011.44
100011.43
100011.42
100010.9
100010.88
100010.85
100010.82
100010.49
100010.49
100010.49
100010.49
100010.5
100010.5
100010.5
100010.5
100009.98
100009.95
100009.91
100009.87
100009.83
100009.79
100009.74
100009.69
100009.64
100009.58
100009.53
100009.47
100009.41
100009.35
100009.29
100009.23
100009.17
100009.1
100009.04
100008.97
100008.9
100008.83
100005.47
100005.42
100005.38
100005.33
100005.29
100005.25
100005.2
100005.16
100005.12
100005.08
100005.04
100005
100004.96
99997.53
99997.694
99997.86
99998.029
99998.201
99998.376
99998.554
99998.736
99998.921
99999.109
99999.302
99999.498
99999.698
100009.55
100009.59
100009.63
100009.67
100009.7
100009.73
100009.76
100009.79
100009.81
100009.84
100009.86
100009.87
100009.89
100009.9
100009.91
100009.92
100009.93
100009.93
100009.93
100009.94
100009.94
100009.94
100009.94
100011.3
100011.4
100011.49
100011.59
100011.67
100011.75
100011.83
100012.89
100012.91
100012.93
100012.94
100013.15
100013.2
100013.24
100014.58
100014.6
100014.59
100014.62
100015.35
100015.07
100015.15
100014.97
100014.89
100014.81
100014.63
100014.35
100014
100013.7
100013.45
100013.03
100012.59
100012.58
100012.09
100012.07
100011.44
100011.43
100011.42
100010.91
100010.89
100010.86
100010.83
100010.49
100010.49
100010.49
100010.49
100010.49
100010.49
100010.5
100010.02
100009.99
100009.95
100009.91
100009.87
100009.83
100009.79
100009.74
100009.69
100009.64
100009.59
100009.53
100009.47
100009.41
100009.36
100009.29
100009.23
100009.17
100009.11
100009.04
100008.97
100008.9
100008.83
100005.47
100005.42
100005.38
100005.33
100005.29
100005.25
100005.2
100005.16
100005.12
100005.08
100005.04
100005
100004.96
99997.53
99997.694
99997.86
99998.03
99998.202
99998.377
99998.555
99998.737
99998.922
99999.111
99999.303
99999.5
100009.51
100009.55
100009.59
100009.63
100009.67
100009.7
100009.73
100009.76
100009.79
100009.81
100009.84
100009.86
100009.87
100009.89
100009.9
100009.91
100009.92
100009.92
100009.93
100009.93
100009.93
100009.93
100009.93
100009.93
100009.93
100011.41
100011.51
100011.61
100011.69
100011.78
100011.85
100012.89
100012.91
100012.93
100012.95
100013.17
100013.22
100013.27
100014.59
100014.61
100014.61
100014.64
100015.37
100015.1
100015.17
100014.99
100014.9
100014.83
100014.65
100014.37
100014.02
100013.72
100013.46
100013.04
100012.6
100012.59
100012.1
100012.08
100011.44
100011.43
100011.42
100010.92
100010.9
100010.87
100010.84
100010.49
100010.49
100010.49
100010.49
100010.49
100010.49
100010.06
100010.03
100009.99
100009.96
100009.92
100009.88
100009.84
100009.79
100009.74
100009.69
100009.64
100009.59
100009.53
100009.47
100009.42
100009.36
100009.3
100009.23
100009.17
100009.11
100009.04
100008.97
100008.9
100008.83
100008.76
100005.42
100005.38
100005.33
100005.29
100005.25
100005.21
100005.16
100005.12
100005.08
100005.04
100005
100004.96
99997.53
99997.694
99997.86
99998.03
99998.202
99998.377
99998.556
99998.738
99998.923
99999.112
99999.305
99999.502
100009.51
100009.55
100009.59
100009.63
100009.67
100009.7
100009.73
100009.76
100009.79
100009.81
100009.83
100009.85
100009.87
100009.88
100009.9
100009.91
100009.91
100009.92
100009.92
100009.92
100009.92
100009.92
100009.92
100009.92
100009.92
100011.43
100011.53
100011.63
100011.72
100011.8
100011.88
100011.95
100012.91
100012.93
100012.95
100013.19
100013.25
100013.29
100014.61
100014.63
100014.64
100014.67
100015.39
100015.12
100015.18
100015.01
100014.93
100014.85
100014.61
100014.39
100014.04
100013.73
100013.47
100013.06
100012.61
100012.6
100012.12
100012.09
100011.44
100011.43
100011.43
100010.93
100010.91
100010.88
100010.48
100010.48
100010.49
100010.49
100010.49
100010.49
100010.49
100010.07
100010.03
100010
100009.96
100009.92
100009.88
100009.84
100009.79
100009.75
100009.7
100009.64
100009.59
100009.53
100009.48
100009.42
100009.36
100009.3
100009.24
100009.17
100009.11
100009.04
100008.97
100008.91
100008.84
100008.76
100005.42
100005.38
100005.33
100005.29
100005.25
100005.21
100005.16
100005.12
100005.08
100005.04
100005
100004.96
99997.53
99997.694
99997.861
99998.03
99998.203
99998.378
99998.557
99998.739
99998.924
99999.114
99999.307
99999.504
100009.51
100009.55
100009.59
100009.63
100009.66
100009.7
100009.73
100009.76
100009.78
100009.81
100009.83
100009.85
100009.87
100009.88
100009.89
100009.9
100009.91
100009.91
100009.92
100009.92
100009.92
100009.92
100009.91
100009.91
100009.91
100009.92
100011.55
100011.65
100011.74
100011.83
100011.91
100011.98
100012.92
100012.93
100012.95
100012.97
100013.27
100013.32
100014.62
100014.64
100014.66
100014.69
100015.41
100015.14
100015.21
100015.04
100014.95
100014.87
100014.63
100014.41
100014.05
100013.75
100013.49
100013.07
100012.62
100012.61
100012.13
100012.11
100011.45
100011.44
100010.97
100010.94
100010.92
100010.89
100010.48
100010.48
100010.48
100010.48
100010.49
100010.49
100010.11
100010.07
100010.04
100010.01
100009.97
100009.93
100009.89
100009.84
100009.8
100009.75
100009.7
100009.65
100009.59
100009.54
100009.48
100009.42
100009.36
100009.3
100009.24
100009.17
100009.11
100009.04
100008.98
100008.91
100008.84
100008.77
100005.42
100005.38
100005.34
100005.29
100005.25
100005.21
100005.16
100005.12
100005.08
100005.04
100005
100004.96
99997.53
99997.694
99997.861
99998.031
99998.203
99998.379
99998.558
99998.74
99998.926
99999.115
99999.309
100009.46
100009.51
100009.55
100009.59
100009.63
100009.66
100009.7
100009.73
100009.76
100009.78
100009.81
100009.83
100009.85
100009.86
100009.88
100009.89
100009.9
100009.9
100009.91
100009.91
100009.91
100009.91
100009.91
100009.9
100009.9
100009.9
100009.9
100009.91
100011.67
100011.77
100011.86
100011.94
100012.01
100012.92
100012.94
100012.95
100012.97
100013.3
100013.35
100014.63
100014.65
100014.69
100014.72
100015.43
100015.17
100015.23
100015.06
100014.97
100014.9
100014.66
100014.43
100014.07
100013.78
100013.5
100013.09
100012.63
100012.62
100012.15
100012.13
100011.45
100011.44
100010.98
100010.96
100010.93
100010.9
100010.48
100010.48
100010.48
100010.48
100010.48
100010.15
100010.12
100010.08
100010.05
100010.01
100009.97
100009.93
100009.89
100009.85
100009.8
100009.75
100009.7
100009.65
100009.59
100009.54
100009.48
100009.42
100009.36
100009.3
100009.24
100009.18
100009.11
100009.05
100008.98
100008.91
100008.84
100008.77
100008.69
100005.38
100005.34
100005.29
100005.25
100005.21
100005.17
100005.12
100005.08
100005.04
100005
100004.96
99997.53
99997.695
99997.862
99998.032
99998.204
99998.38
99998.559
99998.742
99998.927
99999.117
99999.311
100009.46
100009.51
100009.55
100009.59
100009.63
100009.66
100009.7
100009.73
100009.76
100009.78
100009.81
100009.83
100009.85
100009.86
100009.88
100009.89
100009.89
100009.9
100009.9
100009.9
100009.9
100009.9
100009.9
100009.89
100009.89
100009.89
100009.89
100009.89
100011.7
100011.8
100011.89
100011.97
100012.05
100012.11
100012.94
100012.96
100012.98
100013.33
100013.38
100013.43
100014.66
100014.68
100014.75
100015.45
100015.2
100015.25
100015.09
100015
100014.92
100014.68
100014.45
100014.09
100013.8
100013.52
100013.11
100012.64
100012.18
100012.17
100011.46
100011.45
100011.44
100011
100010.97
100010.94
100010.47
100010.47
100010.47
100010.47
100010.48
100010.48
100010.16
100010.12
100010.09
100010.06
100010.02
100009.98
100009.94
100009.9
100009.85
100009.8
100009.76
100009.7
100009.65
100009.6
100009.54
100009.48
100009.43
100009.37
100009.3
100009.24
100009.18
100009.11
100009.05
100008.98
100008.91
100008.84
100008.77
100008.69
100005.38
100005.34
100005.29
100005.25
100005.21
100005.17
100005.12
100005.08
100005.04
100005
100004.96
99997.9
99997.966
99998.034
99998.103
99998.172
99998.243
99998.315
99998.388
99998.463
99998.539
99998.616
100003.72
100003.88
100004.03
100004.19
100004.34
100004.49
100004.64
100004.79
100004.94
100005.08
100005.23
100005.37
100005.51
100009.86
100009.87
100009.88
100009.89
100009.9
100009.9
100009.9
100009.9
100009.89
100009.89
100009.88
100009.88
100009.87
100009.87
100009.87
100009.88
100011.83
100011.92
100012.01
100012.09
100012.15
100012.94
100012.96
100012.98
100013.37
100013.42
100013.46
100014.68
100014.7
100014.79
100015.48
100015.23
100015.28
100015.12
100015.03
100014.95
100014.71
100014.47
100014.11
100013.82
100013.54
100013.14
100012.65
100012.2
100012.18
100011.46
100011.45
100011.44
100011.01
100010.99
100010.96
100010.46
100010.46
100010.47
100010.47
100010.47
100010.19
100010.17
100010.13
100010.1
100010.06
100010.03
100009.99
100009.94
100009.9
100009.86
100009.81
100009.76
100009.71
100009.66
100009.6
100009.54
100010.31
100010.32
100010.33
100010.34
100010.35
100010.35
100010.35
100010.36
100010.36
100010.36
100010.36
100010.35
100010.35
100005.87
100005.79
100005.71
100005.63
100005.55
100005.47
100005.39
100005.31
100005.24
100005.16
100005.09
99997.899
99997.966
99998.033
99998.102
99998.172
99998.243
99998.315
99998.389
99998.464
99998.54
100003.56
100003.72
100003.88
100004.04
100004.19
100004.35
100004.5
100004.65
100004.8
100004.94
100005.09
100005.23
100005.37
100005.52
100005.65
100005.79
100005.92
100006.05
100006.18
100006.3
100009.89
100009.89
100009.88
100009.88
100009.87
100009.86
100009.86
100009.85
100009.85
100009.86
100009.87
100011.95
100012.04
100012.13
100012.2
100012.94
100012.96
100012.98
100013
100013.46
100013.5
100014.69
100014.71
100014.82
100015.5
100015.52
100015.28
100015.15
100015.06
100014.98
100014.73
100014.5
100014.13
100013.56
100013.17
100013.16
100012.66
100012.22
100012.2
100011.46
100011.45
100011.05
100011.03
100011
100010.97
100010.46
100010.46
100010.46
100010.47
100010.23
100010.21
100010.18
100010.14
100010.11
100010.07
100010.03
100009.99
100009.95
100009.91
100009.86
100010.21
100010.23
100010.25
100010.27
100010.28
100010.29
100010.31
100010.32
100010.33
100010.34
100010.34
100010.35
100010.35
100010.36
100010.36
100010.36
100010.36
100010.35
100010.35
100010.34
100005.79
100005.71
100005.63
100005.55
100005.47
100005.39
100005.31
100005.24
100005.16
100005.09
99997.898
99997.965
99998.033
99998.102
99998.172
99998.243
99998.316
99998.389
99998.464
99998.54
100003.56
100003.72
100003.88
100004.04
100004.2
100004.35
100004.5
100004.65
100004.8
100004.95
100005.1
100005.24
100005.38
100005.52
100005.66
100005.8
100005.93
100006.07
100006.19
100006.32
100006.44
100006.55
100006.66
100009.87
100009.86
100009.85
100009.84
100009.83
100009.83
100009.83
100009.84
100011.99
100012.08
100012.17
100012.24
100012.3
100012.96
100012.98
100013
100013.5
100013.54
100014.7
100014.72
100014.86
100015.53
100015.54
100015.31
100015.18
100015.21
100015.01
100014.76
100014.34
100014.16
100013.58
100013.2
100013.18
100012.68
100012.24
100012.22
100011.46
100011.45
100011.07
100011.04
100011.02
100010.45
100010.45
100010.45
100010.46
100010.46
100010.24
100010.22
100010.19
100010.15
100010.12
100010.08
100010.04
100010
100010.15
100010.17
100010.19
100010.21
100010.23
100010.24
100010.26
100010.28
100010.29
100010.3
100010.32
100010.33
100010.33
100010.34
100010.35
100010.35
100010.35
100010.36
100010.36
100010.36
100010.35
100010.35
100010.34
100005.79
100005.71
100005.63
100005.55
100005.47
100005.39
100005.31
100005.24
100005.16
100005.09
99997.897
99997.964
99998.032
99998.102
99998.172
99998.243
99998.316
99998.389
99998.465
100003.4
100003.56
100003.73
100003.89
100004.04
100004.2
100004.35
100004.51
100004.66
100004.81
100004.96
100005.1
100005.25
100005.39
100005.53
100005.67
100005.81
100005.94
100006.08
100006.21
100006.33
100006.45
100006.57
100006.68
100006.79
100009.84
100009.83
100009.82
100009.81
100009.8
100009.8
100009.81
100009.83
100012.12
100012.21
100012.29
100012.35
100012.96
100012.98
100013
100013.54
100013.58
100014.72
100014.74
100014.9
100014.93
100015.57
100015.34
100015.22
100015.24
100015.04
100014.79
100014.37
100014.18
100013.6
100013.22
100012.7
100012.69
100012.27
100012.25
100011.46
100011.46
100011.08
100011.06
100011.03
100010.44
100010.44
100010.44
100010.45
100010.28
100010.26
100010.23
100010.2
100010.17
100010.13
100010.09
100010.05
100010.12
100010.14
100010.16
100010.18
100010.2
100010.22
100010.24
100010.26
100010.27
100010.29
100010.3
100010.31
100010.32
100010.33
100010.34
100010.35
100010.35
100010.35
100010.35
100010.36
100010.35
100010.35
100010.35
100010.34
100010.34
100005.71
100005.63
100005.55
100005.47
100005.39
100005.32
100005.24
100005.16
100005.09
99997.896
99997.964
99998.032
99998.101
99998.172
99998.243
99998.316
99998.39
99998.465
100003.4
100003.57
100003.73
100003.89
100004.05
100004.2
100004.36
100004.51
100004.66
100004.81
100004.96
100005.11
100005.25
100005.4
100005.54
100005.68
100005.82
100005.95
100006.09
100006.22
100006.35
100006.47
100006.59
100006.7
100006.81
100006.91
100007.01
100009.8
100009.78
100009.77
100009.77
100009.78
100009.8
100012.16
100012.26
100012.34
100012.41
100012.96
100012.98
100013
100013.58
100013.63
100013.67
100014.75
100014.94
100014.97
100015.6
100015.38
100015.25
100015.27
100015.08
100014.82
100014.4
100014.21
100013.62
100013.25
100012.71
100012.7
100012.29
100011.47
100011.46
100011.46
100011.1
100011.08
100011.05
100010.43
100010.43
100010.43
100010.44
100010.3
100010.27
100010.24
100010.21
100010.18
100010.14
100010.08
100010.09
100010.11
100010.13
100010.15
100010.17
100010.2
100010.22
100010.23
100010.25
100010.27
100010.28
100010.3
100010.31
100010.32
100010.33
100010.34
100010.34
100010.35
100010.35
100010.35
100010.35
100010.35
100010.35
100010.35
100010.34
100010.34
100005.71
100005.63
100005.55
100005.47
100005.39
100005.32
100005.24
100005.16
100005.09
99997.896
99997.963
99998.032
99998.101
99998.171
99998.243
99998.316
99998.39
100003.24
100003.4
100003.57
100003.73
100003.89
100004.05
100004.21
100004.36
100004.52
100004.67
100004.82
100004.97
100005.11
100005.26
100005.4
100005.55
100005.69
100005.83
100005.96
100006.1
100006.23
100006.36
100006.48
100006.6
100006.72
100006.83
100006.94
100007.04
100007.13
100009.76
100009.74
100009.74
100009.74
100009.75
100009.79
100012.3
100012.39
100012.46
100012.51
100012.98
100013
100013.02
100013.67
100013.71
100014.77
100014.98
100015.01
100015.63
100015.42
100015.43
100015.3
100015.11
100014.85
100014.43
100013.97
100013.64
100013.27
100012.72
100012.71
100012.31
100011.47
100011.46
100011.14
100011.12
100011.1
100010.42
100010.42
100010.42
100010.43
100010.33
100010.31
100010.29
100010.26
100010.22
100010.19
100010.05
100010.06
100010.08
100010.1
100010.12
100010.14
100010.17
100010.19
100010.21
100010.23
100010.25
100010.27
100010.28
100010.3
100010.31
100010.32
100010.33
100010.34
100010.34
100010.35
100010.35
100010.35
100010.35
100010.35
100010.35
100010.35
100010.34
100010.34
100010.33
100005.63
100005.55
100005.47
100005.39
100005.32
100005.24
100005.17
100005.09
99997.895
99997.963
99998.031
99998.101
99998.171
99998.243
99998.316
99998.39
100003.24
100003.41
100003.57
100003.73
100003.89
100004.05
100004.21
100004.37
100004.52
100004.67
100004.82
100004.97
100005.12
100005.26
100005.41
100005.55
100005.69
100005.83
100005.97
100006.11
100006.24
100006.37
100006.5
100006.62
100006.74
100006.85
100006.96
100007.06
100007.16
100007.25
100009.71
100009.7
100009.69
100009.71
100009.74
100012.35
100012.44
100012.51
100012.57
100012.98
100013
100013.02
100013.72
100013.76
100014.78
100014.8
100015.05
100015.66
100015.46
100015.46
100015.33
100015.15
100014.88
100014.46
100014
100013.66
100013.3
100012.73
100012.35
100012.33
100011.47
100011.46
100011.16
100011.14
100011.12
100010.41
100010.41
100010.41
100010.42
100010.35
100010.33
100010.3
100010.27
100010.24
100010.02
100010.03
100010.04
100010.06
100010.09
100010.11
100010.14
100010.16
100010.18
100010.2
100010.23
100010.24
100010.26
100010.28
100010.29
100010.31
100010.32
100010.33
100010.34
100010.34
100010.35
100010.35
100010.35
100010.35
100010.35
100010.35
100010.35
100010.34
100010.34
100010.33
100005.63
100005.55
100005.47
100005.39
100005.32
100005.24
100005.17
100005.09
99997.895
99997.962
99998.031
99998.101
99998.171
99998.243
99998.316
100003.07
100003.24
100003.41
100003.57
100003.74
100003.9
100004.06
100004.21
100004.37
100004.52
100004.67
100004.82
100004.97
100005.12
100005.27
100005.41
100005.56
100005.7
100005.84
100005.98
100006.12
100006.25
100006.38
100006.51
100006.64
100006.76
100006.87
100006.99
100007.09
100007.19
100007.28
100007.35
100009.66
100009.65
100009.65
100009.69
100009.76
100012.49
100012.57
100012.63
100012.97
100012.99
100013.02
100013.77
100013.81
100014.8
100014.82
100015.09
100015.68
100015.49
100015.49
100015.36
100015.18
100014.91
100014.5
100014.03
100013.68
100013.33
100012.75
100012.38
100012.36
100011.47
100011.46
100011.18
100011.16
100011.13
100010.4
100010.39
100010.4
100010.38
100010.36
100010.35
100010.32
100010.29
100009.99
100010
100010.01
100010.03
100010.05
100010.07
100010.1
100010.13
100010.15
100010.18
100010.2
100010.22
100010.24
100010.26
100010.28
100010.29
100010.3
100010.32
100010.33
100010.33
100010.34
100010.35
100010.35
100010.35
100010.35
100010.35
100010.35
100010.35
100010.34
100010.34
100010.33
100010.32
100005.55
100005.47
100005.4
100005.32
100005.24
100005.17
100005.09
99995.331
99995.498
99995.667
99995.839
99996.014
99996.192
99996.373
100001.09
100001.06
100001.03
100000.99
100000.95
100000.91
100000.86
100000.81
100000.76
100000.71
100000.65
100000.59
100000.52
100000.46
100000.39
100000.31
100005.56
100005.71
100005.85
100005.99
100006.13
100006.26
100006.4
100006.53
100006.65
100006.78
100006.9
100007.01
100007.12
100007.21
100007.3
100007.38
100009.61
100009.59
100009.6
100009.63
100009.7
100012.55
100012.63
100012.7
100012.73
100012.99
100013.01
100013.81
100013.86
100014.81
100014.83
100015.14
100015.71
100015.53
100015.52
100015.39
100015.22
100014.94
100014.53
100014.06
100013.7
100013.35
100012.76
100012.4
100012.38
100011.47
100011.46
100011.2
100011.18
100010.39
100010.38
100010.38
100010.38
100010.39
100010.38
100010.36
100010.34
100010.3
100009.97
100009.97
100009.99
100010.01
100010.03
100010.06
100010.09
100010.12
100010.14
100010.17
100010.19
100010.22
100010.24
100010.26
100010.27
100010.29
100009.97
100009.92
100009.87
100009.82
100009.77
100009.72
100009.67
100009.61
100009.56
100009.5
100009.44
100009.38
100009.32
100009.26
100009.19
100009.13
100006.41
100006.38
100006.35
100006.32
100006.29
100006.26
100006.23
99995.331
99995.498
99995.668
99995.84
99996.015
99996.194
100001.11
100001.08
100001.05
100001.01
100000.97
100000.93
100000.89
100000.84
100000.79
100000.74
100000.68
100000.62
100000.56
100000.49
100000.42
100000.34
100000.26
100000.18
100000.1
100000.01
99999.929
99999.85
99999.78
100006.41
100006.54
100006.67
100006.79
100006.92
100007.03
100007.14
100007.24
100007.33
100007.41
100007.48
100009.54
100009.53
100009.55
100009.63
100009.75
100012.7
100012.76
100012.8
100012.98
100013
100013.03
100013.91
100013.94
100014.84
100015.18
100015.74
100015.57
100015.55
100015.43
100015.25
100014.97
100014.56
100014.09
100013.72
100013.38
100012.77
100012.42
100011.48
100011.47
100011.24
100011.22
100011.2
100010.37
100010.36
100010.36
100010.41
100010.41
100010.4
100010.38
100010.35
100009.95
100009.94
100009.95
100009.97
100009.99
100010.02
100010.05
100010.08
100010.11
100010.14
100010.16
100010.21
100010.18
100010.14
100010.1
100010.06
100010.02
100009.97
100009.93
100009.88
100009.83
100009.78
100009.73
100009.67
100009.62
100009.56
100009.5
100009.45
100009.39
100009.32
100009.26
100009.2
100009.13
100009.06
100006.38
100006.35
100006.32
100006.29
100006.26
100006.23
99995.331
99995.498
99995.668
99995.841
99996.016
99996.195
100001.1
100001.07
100001.03
100001
100000.96
100000.92
100000.87
100000.82
100000.77
100000.71
100000.65
100000.59
100000.52
100000.45
100000.38
100000.3
100000.21
100000.12
100000.03
99999.939
99999.846
99999.755
99999.672
99999.605
99999.562
99999.557
100006.81
100006.94
100007.06
100007.17
100007.27
100007.36
100007.44
100007.5
100007.55
100009.45
100009.47
100009.54
100009.68
100012.76
100012.83
100012.87
100012.97
100012.99
100013.03
100013.96
100014
100014.86
100015.23
100015.77
100015.61
100015.58
100015.46
100015.29
100015.01
100014.59
100014.12
100013.74
100013.41
100012.78
100012.45
100011.47
100011.46
100011.26
100011.24
100011.22
100010.35
100010.34
100010.34
100010.43
100010.44
100010.43
100010.4
100009.95
100009.92
100009.92
100009.92
100009.94
100009.97
100010
100010.03
100010.07
100010.3
100010.29
100010.26
100010.23
100010.19
100010.16
100010.11
100010.07
100010.03
100009.98
100009.93
100009.88
100009.83
100009.78
100009.73
100009.68
100009.62
100009.57
100009.51
100009.45
100009.39
100009.33
100009.26
100009.2
100009.13
100009.06
100006.38
100006.35
100006.32
100006.29
100006.26
100006.23
99995.331
99995.498
99995.668
99995.841
99996.017
100001.12
100001.09
100001.06
100001.02
100000.98
100000.94
100000.9
100000.85
100000.8
100000.75
100000.69
100000.63
100000.56
100000.49
100000.42
100000.34
100000.25
100000.16
100000.07
99999.968
99999.865
99999.76
99999.657
99999.559
99999.475
99999.415
99999.393
99999.43
100006.95
100007.08
100007.19
100007.3
100007.4
100007.47
100007.53
100007.57
100009.37
100009.37
100009.44
100009.6
100009.84
100012.9
100012.94
100012.94
100012.98
100013.01
100014.01
100014.05
100014.87
100015.27
100015.8
100015.65
100015.61
100015.49
100015.32
100015.04
100014.63
100014.15
100013.76
100013.44
100012.79
100012.47
100011.47
100011.45
100011.28
100011.26
100010.36
100010.33
100010.31
100010.43
100010.45
100010.46
100010.45
100010.42
100009.93
100009.89
100009.88
100009.89
100009.92
100009.95
100009.98
100010.02
100010.34
100010.32
100010.3
100010.28
100010.24
100010.21
100010.17
100010.12
100010.08
100010.04
100009.99
100009.94
100009.89
100009.84
100009.79
100009.74
100009.68
100009.63
100009.57
100009.51
100009.45
100009.39
100009.33
100009.27
100009.2
100009.13
100009.07
100009
100006.35
100006.32
100006.29
100006.26
100006.23
99995.331
99995.498
99995.669
99995.842
100001.14
100001.11
100001.08
100001.05
100001.01
100000.97
100000.93
100000.88
100000.83
100000.78
100000.73
100000.67
100000.6
100000.53
100000.46
100000.38
100000.3
100000.21
100000.11
100000.01
99999.903
99999.79
99999.674
99999.556
99999.442
99999.339
99999.258
99999.216
99999.235
99999.345
99999.57
100007.22
100007.33
100007.43
100007.51
100007.56
100007.59
100007.61
100009.26
100009.32
100009.49
100009.78
100012.98
100013.02
100013.01
100012.96
100013
100014.07
100014.1
100014.88
100015.32
100015.34
100015.85
100015.64
100015.53
100015.36
100015.07
100014.66
100014.18
100013.48
100012.81
100012.8
100012.5
100011.46
100011.45
100011.3
100011.29
100010.34
100010.3
100010.29
100010.44
100010.47
100010.48
100010.47
100009.96
100009.9
100009.86
100009.85
100009.86
100009.89
100009.93
100010.34
100010.36
100010.36
100010.35
100010.32
100010.29
100010.26
100010.22
100010.18
100010.14
100010.09
100010.04
100010
100009.95
100009.9
100009.85
100009.79
100009.74
100009.69
100009.63
100009.57
100009.51
100009.45
100009.39
100009.33
100009.27
100009.2
100009.14
100009.07
100009
100008.93
100006.32
100006.29
100006.26
100006.23
99995.331
99995.499
99995.669
99995.843
100001.13
100001.1
100001.07
100001.03
100001
100000.96
100000.91
100000.87
100000.82
100000.76
100000.71
100000.64
100000.58
100000.51
100000.43
100000.35
100000.26
100000.17
100000.06
99999.955
99999.839
99999.715
99999.586
99999.453
99999.321
99999.196
99999.09
99999.022
99999.019
99999.115
99999.347
99999.739
100007.36
100007.47
100007.55
100007.6
100007.61
100007.61
100007.62
100009.18
100009.37
100009.7
100013.06
100013.1
100013.09
100012.94
100012.98
100014.12
100014.16
100014.89
100014.91
100015.39
100015.88
100015.68
100015.56
100015.4
100015.1
100014.69
100014.21
100013.51
100012.82
100012.54
100012.52
100011.45
100011.44
100011.32
100011.31
100010.31
100010.27
100010.25
100010.46
100010.5
100010.51
100010.03
100009.94
100009.86
100009.81
100009.81
100009.82
100009.86
100010.32
100010.36
100010.38
100010.38
100010.37
100010.34
100010.31
100010.27
100010.23
100010.19
100010.15
100010.1
100010.05
100010
100009.95
100009.9
100009.85
100009.8
100009.74
100009.69
100009.63
100009.58
100009.52
100009.46
100009.4
100009.33
100009.27
100009.21
100009.14
100009.07
100009
100008.93
100006.32
100006.29
100006.26
100006.23
99995.331
99995.499
99995.67
100001.15
100001.12
100001.09
100001.06
100001.02
100000.99
100000.94
100000.9
100000.85
100000.8
100000.75
100000.69
100000.62
100000.56
100000.48
100000.4
100000.32
100000.22
100000.12
100000.02
99999.9
99999.775
99999.641
99999.499
99999.35
99999.197
99999.048
99998.913
99998.813
99998.779
99998.854
99999.088
99999.516
100000.14
100007.5
100007.59
100007.63
100007.64
100007.61
100007.59
100009
100009.21
100009.61
100010.11
100013.2
100013.17
100013.09
100012.95
100013.03
100014.22
100014.9
100014.92
100015.44
100015.91
100015.71
100015.59
100015.43
100015.13
100014.72
100014.24
100013.53
100012.83
100012.56
100012.55
100011.44
100011.34
100011.34
100010.36
100010.28
100010.23
100010.41
100010.47
100010.53
100010.55
100010.03
100009.92
100009.82
100009.76
100009.76
100009.79
100010.27
100010.34
100010.39
100010.41
100010.41
100010.39
100010.37
100010.33
100010.29
100010.25
100010.2
100010.16
100010.11
100010.06
100010.01
100009.96
100009.91
100009.86
100009.8
100009.75
100009.69
100009.64
100009.58
100009.52
100009.46
100009.4
100009.34
100009.27
100009.21
100009.14
100009.07
100009
100008.93
100008.86
100006.29
100006.26
100006.23
99995.331
99995.499
99995.67
100001.14
100001.11
100001.08
100001.05
100001.01
100000.97
100000.93
100000.89
100000.84
100000.79
100000.73
100000.67
100000.6
100000.53
100000.46
100000.37
100000.28
100000.19
100000.08
99999.97
99999.847
99999.713
99999.568
99999.412
99999.246
99999.071
99998.895
99998.727
99998.588
99998.514
99998.557
99998.784
99999.251
99999.962
100000.84
100007.63
100007.68
100007.67
100007.61
100007.54
100007.54
100009
100009.5
100010.12
100013.3
100013.26
100013.15
100012.92
100013.01
100014.28
100014.9
100014.93
100015.48
100015.94
100015.74
100015.67
100015.47
100015.17
100014.76
100014.28
100013.56
100012.84
100012.59
100012.57
100011.43
100011.36
100011.37
100010.35
100010.25
100010.18
100010.4
100010.49
100010.57
100010.15
100010.03
100009.89
100009.77
100009.7
100009.7
100010.18
100010.28
100010.37
100010.42
100010.45
100010.44
100010.42
100010.39
100010.35
100010.31
100010.26
100010.21
100010.17
100010.12
100010.07
100010.02
100009.96
100009.91
100009.86
100009.81
100009.75
100009.7
100009.64
100009.58
100009.52
100009.46
100009.4
100009.34
100009.27
100009.21
100009.14
100009.07
100009
100008.93
100008.86
100006.29
100006.26
100006.23
99992.069
99992.009
99992.718
99992.846
99992.973
99993.099
99993.225
99993.351
99993.476
99993.601
99993.725
99993.849
99993.973
99994.097
99994.221
99994.344
99994.467
99994.589
100000.35
100000.26
100000.15
100000.05
99999.926
99999.796
99999.653
99999.497
99999.327
99999.143
99998.945
99998.738
99998.532
99998.347
99998.221
99998.219
99998.428
99998.932
99999.749
100000.79
100001.85
100007.74
100007.71
100007.61
100007.47
100007.41
100008.74
100009.35
100010.15
100013.42
100013.36
100013.2
100012.88
100012.98
100014.34
100014.35
100014.93
100015.53
100015.97
100015.87
100015.71
100015.5
100015.2
100014.52
100013.87
100013.59
100012.85
100012.61
100011.44
100011.41
100011.39
100011.4
100010.33
100010.2
100010.13
100010.39
100010.51
100010.61
100010.2
100010.04
100009.86
100009.7
100009.63
100010.03
100010.16
100010.3
100010.4
100010.46
100010.49
100010.48
100010.45
100010.41
100010.37
100010.32
100010.27
100010.23
100010.18
100010.12
100010.07
100010.02
100009.97
100009.92
100009.86
100009.81
100011.88
100011.91
100011.93
100011.95
100011.97
100011.99
100012
100012.02
100012.03
100012.04
100012.05
100012.06
100012.06
100012.07
100012.07
100012.07
100005.88
100005.79
99992.068
99992.007
99992.722
99992.85
99992.978
99993.105
99993.231
99993.357
99993.483
99993.608
99993.734
99993.859
99993.984
99994.109
99994.234
99994.358
99994.483
99994.606
99994.729
99994.851
99994.97
99995.087
99995.198
99995.303
99995.398
99995.478
99995.538
99999.042
99998.82
99998.581
99998.332
99998.092
99997.901
99997.834
99998.007
99998.545
99999.486
100000.72
100002
100007.81
100007.76
100007.61
100007.4
100007.24
100008.41
100009.18
100010.19
100011
100013.47
100013.26
100012.83
100012.95
100014.4
100014.41
100014.94
100015.58
100016
100015.91
100015.74
100015.54
100015.23
100014.54
100013.88
100013.62
100012.85
100012.63
100011.43
100011.39
100011.41
100011.42
100010.32
100010.15
100010.25
100010.37
100010.54
100010.67
100010.26
100010.06
100009.82
100009.62
100009.54
100009.98
100010.15
100010.32
100010.44
100010.51
100010.53
100010.52
100010.48
100010.44
100010.39
100010.34
100010.29
100011.59
100011.63
100011.66
100011.7
100011.73
100011.77
100011.8
100011.83
100011.86
100011.88
100011.91
100011.93
100011.95
100011.97
100011.99
100012
100012.02
100012.03
100012.04
100012.05
100012.06
100012.06
100012.06
100012.07
100012.07
100005.88
100005.79
99992.067
99992.596
99992.725
99992.854
99992.982
99993.11
99993.237
99993.363
99993.489
99993.616
99993.742
99993.868
99993.994
99994.12
99994.246
99994.372
99994.497
99994.623
99994.748
99994.872
99994.994
99995.114
99995.229
99995.338
99995.436
99995.52
99995.582
99995.614
99995.605
99995.544
99998.129
99997.826
99997.554
99997.398
99997.509
99998.072
99999.159
100000.63
100002.19
100003.42
100007.84
100007.62
100007.31
100007.02
100007.1
100008.96
100010.27
100011.27
100013.6
100013.3
100012.76
100012.9
100014.46
100014.47
100014.94
100015.62
100016.03
100015.95
100015.78
100015.57
100015.26
100014.57
100013.9
100013.64
100012.86
100012.66
100011.41
100011.36
100011.43
100011.46
100010.31
100010.07
100010.17
100010.33
100010.57
100010.44
100010.34
100010.08
100009.77
100009.52
100009.75
100009.91
100010.14
100010.35
100010.5
100010.57
100010.58
100010.56
100010.51
100010.46
100011.48
100011.52
100011.55
100011.59
100011.62
100011.66
100011.69
100011.73
100011.76
100011.79
100011.82
100011.85
100011.88
100011.9
100011.93
100011.95
100011.97
100011.99
100012
100012.02
100012.03
100012.04
100012.05
100012.05
100012.06
100012.06
100012.07
100012.07
100012.07
100005.79
99992.065
99992.598
99992.728
99992.857
99992.986
99993.114
99993.241
99993.368
99993.495
99993.622
99993.749
99993.875
99994.002
99994.129
99994.257
99994.384
99994.511
99994.639
99994.766
99994.893
99995.018
99995.141
99995.26
99995.374
99995.478
99995.567
99995.633
99995.666
99995.651
99995.574
99995.422
99995.197
99997.183
99996.907
99996.919
99997.49
99998.749
100000.51
100002.41
100003.95
100004.44
100007.65
100007.22
100006.74
100006.68
100008.7
100010.39
100011.65
100013.77
100013.34
100013
100012.84
100013.11
100014.53
100014.94
100015.67
100016.06
100015.99
100015.82
100015.61
100015.29
100014.59
100013.92
100013.67
100012.86
100012.68
100011.38
100011.39
100011.45
100010.56
100010.3
100009.98
100010.06
100010.29
100010.61
100010.59
100010.45
100010.1
100009.71
100009.62
100009.6
100009.84
100010.14
100010.39
100010.56
100010.64
100010.64
100010.6
100011.42
100011.45
100011.48
100011.51
100011.54
100011.58
100011.61
100011.65
100011.69
100011.72
100011.76
100011.79
100011.82
100011.85
100011.88
100011.9
100011.93
100011.95
100011.97
100011.98
100012
100012.01
100012.03
100012.04
100012.05
100012.05
100012.06
100012.06
100012.07
100012.07
100012.07
100005.79
99992.469
99992.6
99992.731
99992.86
99992.989
99993.117
99993.245
99993.373
99993.5
99993.627
99993.755
99993.882
99994.01
99994.138
99994.267
99994.395
99994.525
99994.654
99994.783
99994.913
99995.041
99995.168
99995.293
99995.412
99995.522
99995.618
99995.691
99995.728
99995.712
99995.62
99995.432
99995.141
99994.77
99994.403
99996.219
99996.773
99998.237
100000.33
100002.64
100004.64
100005.09
100007.69
100007.15
100006.41
100006.07
100007.61
100010.57
100012.16
100012.42
100013.36
100012.91
100012.77
100013.12
100014.6
100014.93
100015.71
100016.09
100016.03
100015.86
100015.68
100015.24
100014.61
100013.93
100013.7
100012.86
100012.71
100011.35
100011.39
100011.48
100010.64
100010.3
100009.96
100009.9
100010.24
100010.41
100010.8
100010.57
100010.11
100009.65
100009.43
100009.42
100009.77
100010.14
100010.45
100010.65
100010.73
100011.38
100011.41
100011.43
100011.45
100011.47
100011.5
100011.53
100011.57
100011.61
100011.65
100011.68
100011.72
100011.75
100011.79
100011.82
100011.85
100011.88
100011.9
100011.92
100011.95
100011.97
100011.98
100012
100012.01
100012.03
100012.04
100012.05
100012.05
100012.06
100012.06
100012.07
100012.07
100012.07
100012.06
99992.47
99992.602
99992.732
99992.862
99992.991
99993.12
99993.248
99993.376
99993.504
99993.632
99993.76
99993.888
99994.017
99994.146
99994.276
99994.406
99994.537
99994.668
99994.8
99994.932
99995.064
99995.195
99995.325
99995.451
99995.569
99995.674
99995.757
99995.803
99995.789
99995.687
99995.465
99995.103
99994.61
99994.059
99993.697
99995.885
99997.605
100000.09
100002.84
100005.5
100005.87
100004.59
100007.1
100006.12
100005.22
100007.5
100010.78
100012.83
100012.95
100013.34
100012.76
100012.67
100013.15
100014.67
100014.92
100015.76
100016.12
100016.07
100015.89
100015.71
100015.27
100014.64
100013.95
100013.72
100012.86
100012.73
100011.32
100011.38
100011.51
100010.76
100010.32
100009.78
100009.68
100010.17
100010.45
100011.09
100010.68
100010.12
100009.78
100009.2
100009.2
100009.71
100010.16
100010.52
100010.76
100011.37
100011.4
100011.42
100011.43
100011.44
100011.46
100011.49
100011.53
100011.56
100011.6
100011.64
100011.68
100011.72
100011.75
100011.78
100011.82
100011.85
100011.87
100011.9
100011.92
100011.95
100011.97
100011.98
100012
100012.01
100012.03
100012.04
100012.05
100012.05
100012.06
100012.06
100012.07
100012.07
100012.07
100012.06
99992.471
99992.603
99992.733
99992.863
99992.993
99993.122
99993.25
99993.379
99993.507
99993.636
99993.764
99993.893
99994.023
99994.153
99994.284
99994.415
99994.547
99994.681
99994.815
99994.95
99995.086
99995.222
99995.357
99995.49
99995.618
99995.735
99995.831
99995.891
99995.887
99995.781
99995.528
99995.093
99994.465
99993.689
99993.019
99993.235
99996.848
99999.767
100002.9
100006.34
100006.61
100004.71
100007.1
100006.05
100004.84
100007.53
100010.99
100013.61
100013.49
100013.26
100012.51
100012.54
100013.21
100014.74
100014.9
100014.97
100016.15
100016.11
100015.93
100015.75
100015.3
100014.66
100013.96
100013.75
100012.75
100012.75
100011.27
100011.35
100011.56
100010.93
100010.38
100009.6
100009.43
100010.12
100010.45
100011.22
100010.71
100010.12
100009.73
100008.99
100008.98
100009.68
100010.19
100010.62
100011.34
100011.43
100011.43
100011.43
100011.43
100011.44
100011.45
100011.48
100011.52
100011.55
100011.59
100011.63
100011.67
100011.71
100011.75
100011.78
100011.81
100011.85
100011.87
100011.9
100011.92
100011.95
100011.97
100011.98
100012
100012.01
100012.03
100012.04
100012.05
100012.05
100012.06
100012.06
100012.07
100012.07
100012.07
100012.06
99992.471
99992.603
99992.734
99992.864
99992.994
99993.123
99993.252
99993.381
99993.51
99993.638
99993.768
99993.897
99994.028
99994.158
99994.29
99994.423
99994.557
99994.692
99994.829
99994.967
99995.107
99995.248
99995.389
99995.531
99995.669
99995.8
99995.914
99995.993
99996.007
99995.906
99995.63
99995.123
99994.353
99993.317
99992.212
99992.195
99994.265
99999.367
100002.76
100006.38
100006.61
100004.68
100003.94
100006.27
100005.75
100007.73
100010.31
100013.94
100013.65
100013.13
100012.13
100012.38
100013.31
100014.82
100014.88
100014.96
100015.87
100016.15
100015.97
100015.78
100015.33
100014.68
100013.98
100012.89
100012.77
100012.78
100011.2
100011.29
100011.61
100011.19
100010.48
100009.55
100009.32
100009.82
100010.4
100010.91
100010.63
100010.31
100009.73
100008.98
100008.96
100009.69
100010.25
100011.16
100011.44
100011.5
100011.46
100011.44
100011.43
100011.43
100011.44
100011.47
100011.51
100011.55
100011.59
100011.63
100011.67
100011.71
100011.75
100011.78
100011.81
100011.84
100011.87
100011.9
100011.92
100011.95
100011.97
100011.98
100012
100012.02
100012.03
100012.04
100012.05
100012.06
100012.06
100012.07
100012.07
100012.07
100012.07
100012.06
99992.471
99992.603
99992.734
99992.864
99992.994
99993.123
99993.253
99993.382
99993.511
99993.64
99993.77
99993.9
99994.031
99994.163
99994.296
99994.43
99994.565
99994.702
99994.841
99994.983
99995.126
99995.272
99995.421
99995.571
99995.721
99995.868
99996.003
99996.109
99996.152
99996.07
99995.78
99995.206
99994.295
99992.987
99991.297
99990.89
99993.562
99996.947
100002.39
100005.48
100005.84
100004.5
100003.87
100006.61
100006.5
100007.99
100010.28
100013.36
100013.23
100011.78
100011.59
100012.27
100013.51
100014.91
100014.71
100014.95
100015.92
100016.19
100016
100015.81
100015.37
100014.7
100013.99
100012.88
100012.79
100011.47
100011.12
100011.19
100011.19
100011.55
100010.68
100009.74
100009.54
100009.82
100010.32
100010.66
100010.5
100010.29
100009.77
100009.2
100009.18
100009.76
100010.75
100011.24
100011.56
100011.57
100011.49
100011.45
100011.42
100011.42
100011.43
100011.46
100011.49
100011.54
100011.58
100011.63
100011.67
100011.71
100011.75
100011.78
100011.81
100011.84
100011.87
100011.9
100011.92
100011.95
100011.97
100011.99
100012
100012.02
100012.03
100012.04
100012.05
100012.06
100012.06
100012.07
100012.07
100012.07
100012.07
100012.07
99992.47
99992.602
99992.733
99992.864
99992.994
99993.123
99993.253
99993.382
99993.511
99993.641
99993.771
99993.902
99994.033
99994.166
99994.3
99994.435
99994.572
99994.711
99994.852
99994.996
99995.144
99995.295
99995.45
99995.61
99995.773
99995.938
99996.099
99996.239
99996.323
99996.277
99995.987
99995.352
99994.314
99992.765
99990.41
99989.327
99992.981
99996.53
100000
100004.45
100004.97
100004.23
100003.76
100003.64
100007.04
100008.22
100010.13
100012.67
100012.68
100011.64
100011.23
100012.27
100013.82
100015.02
100014.71
100014.93
100015.96
100016.23
100016.04
100015.84
100015.4
100014.73
100014
100012.88
100012.81
100011.51
100011
100011.02
100011.21
100011.78
100010.77
100009.98
100009.79
100009.85
100010.25
100010.49
100010.64
100010.27
100009.84
100009.43
100009.42
100010.23
100010.82
100011.31
100011.7
100011.65
100011.52
100011.45
100011.41
100011.4
100011.41
100011.44
100011.48
100011.53
100011.58
100011.62
100011.66
100011.71
100011.74
100011.78
100011.81
100011.85
100011.87
100011.9
100011.93
100011.95
100011.97
100011.99
100012
100012.02
100012.03
100012.04
100012.05
100012.06
100012.06
100012.07
100012.07
100012.07
100012.07
100012.07
99986.982
99986.82
99986.658
99986.493
99986.327
99986.159
99985.99
99985.818
99985.645
99985.47
99985.294
99985.118
99984.942
99984.767
99984.597
99984.434
99984.283
99984.151
99984.047
99983.984
99983.981
99984.063
99984.259
99984.608
99985.143
99985.893
99996.198
99996.381
99996.521
99996.532
99996.261
99995.572
99994.424
99992.72
99989.968
99988.226
99992.694
99996.174
99999.315
100003.57
100004.23
100003.91
100003.63
100003.54
100007.41
100008.38
100009.92
100012.14
100012.22
100011.52
100011.72
100012.53
100014.26
100014.44
100014.68
100014.91
100016.01
100016.27
100016.08
100015.87
100015.43
100014.75
100014.01
100012.87
100012.83
100011.61
100010.87
100010.76
100011.08
100011.48
100010.82
100010.17
100009.99
100009.88
100010.19
100010.37
100010.56
100010.26
100009.91
100009.62
100009.63
100010.38
100010.9
100011.36
100011.8
100011.69
100011.53
100011.45
100011.4
100011.38
100011.39
100011.42
100011.47
100011.52
100012.44
100012.5
100012.55
100012.56
100012.56
100012.54
100012.52
100012.48
100012.43
100012.38
100012.33
100012.27
100012.21
100012.15
100012.08
100012.01
100011.94
100011.87
100011.79
100011.72
100011.64
100011.56
100011.47
100011.39
100011.3
100011.21
99986.943
99986.778
99986.612
99986.444
99986.273
99986.1
99985.925
99985.747
99985.567
99985.384
99985.199
99985.011
99984.823
99984.635
99984.448
99984.267
99984.094
99983.937
99983.806
99983.713
99983.68
99983.733
99983.909
99984.254
99984.816
99985.634
99986.724
99988.046
99989.465
99990.661
99996.611
99995.868
99994.63
99992.885
99990.362
99989.291
99992.771
99995.917
99998.678
100000.74
100003.62
100003.6
100003.47
100003.42
100003.41
100008.48
100009.71
100010.83
100011.88
100011.43
100012.23
100012.88
100014.68
100014.67
100014.59
100014.88
100016.05
100016.31
100016.11
100015.9
100015.46
100014.77
100014.02
100012.85
100012.84
100011.78
100010.75
100010.51
100010.89
100011.17
100010.81
100010.31
100009.7
100009.92
100010.16
100010.64
100010.5
100010.26
100009.98
100009.78
100010.18
100010.53
100010.96
100011.37
100011.72
100011.67
100011.52
100011.44
100011.38
100011.35
100011.96
100012.09
100012.23
100012.37
100012.47
100012.55
100012.59
100012.61
100012.6
100012.58
100012.55
100012.51
100012.46
100012.41
100012.35
100012.29
100012.23
100012.16
100012.1
100012.03
100011.95
100011.88
100011.81
100011.73
100011.65
100011.57
100011.48
100011.39
100011.31
100011.21
99986.906
99986.738
99986.568
99986.395
99986.221
99986.043
99985.862
99985.678
99985.49
99985.299
99985.104
99984.906
99984.705
99984.502
99984.298
99984.096
99983.9
99983.716
99983.553
99983.426
99983.354
99983.37
99983.516
99983.847
99984.426
99985.31
99986.534
99988.076
99989.813
99991.372
99991.984
99991.278
99994.916
99993.224
99991.233
99990.728
99993.102
99995.763
99998.134
99999.878
100003.12
100003.3
100003.3
100003.31
100003.31
100008.52
100009.5
100010.37
100011.64
100011.36
100012.57
100013.14
100014.68
100014.6
100014.4
100014.86
100016.09
100016.35
100016.15
100015.93
100015.49
100014.78
100014.03
100012.83
100012.83
100012.08
100010.89
100010.56
100010.74
100010.96
100010.79
100010.4
100009.8
100009.96
100010.14
100010.58
100010.46
100010.26
100010.05
100009.9
100010.39
100010.66
100011.02
100011.36
100011.61
100011.61
100011.51
100011.43
100011.87
100011.82
100011.89
100012.06
100012.24
100012.39
100012.51
100012.59
100012.64
100012.66
100012.65
100012.62
100012.59
100012.54
100012.49
100012.44
100012.38
100012.31
100012.25
100012.18
100012.11
100012.04
100011.97
100011.89
100011.82
100011.74
100011.66
100011.57
100011.49
100011.4
100011.31
100011.22
99986.869
99986.698
99986.525
99986.349
99986.169
99985.987
99985.8
99985.61
99985.415
99985.215
99985.011
99984.802
99984.587
99984.369
99984.147
99983.924
99983.703
99983.489
99983.291
99983.122
99983.005
99982.973
99983.075
99983.378
99983.961
99984.905
99986.267
99988.05
99990.166
99992.237
99993.082
99991.995
99990.366
99993.659
99992.137
99991.879
99993.527
99995.69
99997.692
99999.175
99999.835
100003.03
100003.13
100003.19
100003.22
100008.52
100009.31
100009.99
100011.45
100011.3
100011.09
100013.29
100014.37
100014.32
100014.05
100014.89
100016.12
100016.35
100016.15
100015.96
100015.52
100014.69
100013.92
100012.81
100012.8
100012.55
100011.22
100010.82
100010.66
100011.04
100010.76
100010.46
100009.88
100010
100010.13
100010.54
100010.43
100010.27
100010.1
100010.5
100010.56
100010.78
100011.07
100011.35
100011.54
100011.56
100011.49
100011.93
100011.81
100011.72
100011.81
100012.03
100012.25
100012.43
100012.56
100012.65
100012.7
100012.71
100012.7
100012.67
100012.63
100012.58
100012.52
100012.46
100012.4
100012.33
100012.27
100012.2
100012.13
100012.05
100011.98
100011.9
100011.83
100011.75
100011.66
100011.58
100011.5
100011.41
100011.32
100011.22
99986.834
99986.66
99986.483
99986.303
99986.12
99985.932
99985.74
99985.543
99985.341
99985.133
99984.919
99984.699
99984.472
99984.237
99983.997
99983.751
99983.503
99983.256
99983.019
99982.804
99982.633
99982.541
99982.584
99982.839
99983.409
99984.401
99985.898
99987.932
99990.473
99993.251
99994.503
99992.756
99990.717
99989.24
99992.922
99992.765
99993.945
99995.669
99997.339
99998.603
99999.226
99999.245
100002.97
100003.07
100003.13
100003.15
100009.13
100009.68
100009.91
100011.24
100011.11
100013.34
100014.08
100014.09
100013.67
100015.04
100016.16
100016.37
100016.18
100015.99
100015.55
100014.71
100013.94
100012.78
100012.71
100013.03
100011.5
100010.32
100010.61
100010.94
100010.72
100009.93
100009.95
100010.04
100010.55
100010.5
100010.41
100010.28
100010.75
100010.66
100010.71
100010.89
100011.12
100011.34
100011.49
100011.52
100012.01
100011.91
100011.74
100011.58
100011.71
100012
100012.27
100012.47
100012.62
100012.72
100012.76
100012.77
100012.75
100012.71
100012.67
100012.61
100012.55
100012.49
100012.42
100012.35
100012.28
100012.21
100012.14
100012.07
100011.99
100011.91
100011.83
100011.75
100011.67
100011.59
100011.5
100011.41
100011.32
100011.23
99986.801
99986.623
99986.443
99986.26
99986.072
99985.879
99985.682
99985.479
99985.27
99985.054
99984.83
99984.598
99984.358
99984.108
99983.848
99983.579
99983.302
99983.021
99982.74
99982.473
99982.238
99982.073
99982.037
99982.223
99982.756
99983.778
99985.4
99987.68
99990.649
99994.306
99996.339
99993.433
99990.99
99989.441
99988.517
99993.444
99994.31
99995.677
99997.06
99998.135
99998.711
99998.794
100002.82
100002.96
100003.04
100003.09
100008.97
100009.42
100009.62
100011.19
100011.11
100013.33
100013.84
100013.94
100014.17
100015.32
100016.18
100016.4
100016.2
100016.01
100015.58
100014.74
100013.95
100012.76
100012.52
100012.49
100011.64
100010.4
100010.59
100010.86
100010.69
100010
100010.01
100010.07
100010.52
100010.48
100010.4
100010.29
100010.88
100010.81
100010.85
100010.98
100011.17
100011.34
100011.46
100012.07
100012.02
100011.9
100011.68
100011.4
100011.61
100011.99
100012.3
100012.53
100012.7
100012.79
100012.83
100012.83
100012.81
100012.76
100012.71
100012.65
100012.58
100012.51
100012.44
100012.37
100012.3
100012.23
100012.15
100012.08
100012
100011.92
100011.84
100011.76
100011.68
100011.6
100011.51
100011.42
100011.33
100011.24
99986.768
99986.588
99986.405
99986.218
99986.026
99985.829
99985.626
99985.417
99985.201
99984.977
99984.744
99984.501
99984.247
99983.981
99983.701
99983.409
99983.102
99982.784
99982.457
99982.131
99981.825
99981.572
99981.435
99981.522
99981.988
99983.014
99984.748
99987.251
99990.58
99995.025
99998.479
99993.808
99991.13
99989.572
99988.675
99988.235
99994.613
99995.696
99996.836
99997.75
99998.272
99998.39
100002.69
100002.86
100002.96
100003.03
100008.82
100009.19
100009.36
100011.15
100011.1
100013.3
100013.65
100013.86
100014.48
100015.6
100016.21
100016.42
100016.23
100016.04
100015.61
100014.76
100013.96
100012.83
100012.32
100012.18
100011.69
100010.46
100010.59
100010.8
100010.67
100010.06
100010.06
100010.11
100010.51
100010.46
100010.39
100010.3
100011
100010.94
100010.96
100011.07
100011.22
100011.36
100012.13
100012.09
100012.03
100011.9
100011.65
100011.19
100011.54
100012
100012.35
100012.61
100012.79
100012.88
100012.92
100012.91
100012.87
100012.81
100012.75
100012.68
100012.61
100012.54
100012.47
100012.39
100012.32
100012.24
100012.17
100012.09
100012.01
100011.93
100011.85
100011.77
100011.69
100011.6
100011.51
100011.43
100011.33
100011.24
99986.738
99986.555
99986.368
99986.178
99985.982
99985.781
99985.573
99985.358
99985.135
99984.903
99984.661
99984.407
99984.139
99983.857
99983.559
99983.242
99982.905
99982.548
99982.173
99981.784
99981.395
99981.039
99980.778
99980.731
99981.089
99982.09
99983.917
99986.612
99990.168
99994.791
99998.032
99993.687
99991.106
99989.621
99988.772
99988.338
99988.173
99995.716
99996.654
99997.428
99997.894
99998.028
99997.901
100002.76
100002.89
100002.98
100008.68
100008.99
100009.13
100011.11
100011.09
100013.25
100013.5
100013.8
100014.65
100015.61
100016.24
100016.46
100016.25
100016.07
100015.63
100014.78
100013.96
100013.12
100012.43
100012.02
100011.69
100010.5
100010.59
100010.75
100010.64
100010.12
100010.12
100010.14
100010.49
100010.45
100010.39
100011.24
100011.12
100011.05
100011.07
100011.15
100011.26
100012.21
100012.16
100012.11
100012.04
100011.91
100011.67
100011.24
100011.57
100012.05
100012.42
100012.71
100012.89
100012.99
100013.01
100012.98
100012.93
100012.86
100012.79
100012.72
100012.64
100012.56
100012.49
100012.41
100012.33
100012.26
100012.18
100012.1
100012.02
100011.94
100011.86
100011.78
100011.69
100011.61
100011.52
100011.43
100011.34
100011.24
99986.708
99986.523
99986.334
99986.14
99985.94
99985.735
99985.522
99985.302
99985.072
99984.833
99984.581
99984.317
99984.036
99983.739
99983.421
99983.08
99982.713
99982.317
99981.891
99981.434
99980.957
99980.482
99980.069
99979.846
99980.045
99980.982
99982.888
99985.749
99989.398
99993.598
99995.711
99993.101
99990.917
99989.586
99988.81
99988.399
99988.227
99988.2
99996.502
99997.156
99997.567
99997.703
99997.611
100002.68
100002.83
100002.93
100003.01
100008.8
100008.93
100011.08
100011.08
100013.19
100013.37
100013.76
100014.71
100015.16
100016.28
100016.52
100016.27
100016.1
100015.66
100014.8
100013.92
100013.48
100011.86
100011.94
100011.67
100010.54
100010.6
100010.71
100010.62
100010.17
100010.16
100010.5
100010.48
100010.44
100010.38
100011.34
100011.22
100011.16
100011.17
100011.23
100012.28
100012.23
100012.18
100012.13
100012.06
100011.94
100011.73
100011.48
100011.7
100012.14
100012.52
100012.82
100013.02
100013.11
100013.11
100013.07
100013
100012.92
100012.83
100012.75
100012.67
100012.59
100012.51
100012.43
100012.35
100012.27
100012.19
100012.11
100012.03
100011.95
100011.87
100011.79
100011.7
100011.61
100011.53
100011.44
100011.34
100011.25
99986.681
99986.493
99986.301
99986.104
99985.901
99985.692
99985.474
99985.249
99985.013
99984.766
99984.506
99984.231
99983.939
99983.626
99983.289
99982.925
99982.528
99982.093
99981.615
99981.089
99980.516
99979.908
99979.316
99978.867
99978.842
99979.667
99981.651
99984.676
99988.34
99992.019
99993.671
99992.252
99990.594
99989.474
99988.795
99988.423
99988.259
99988.23
99988.284
99996.922
99997.28
99997.41
99997.34
99997.125
100002.77
100002.89
100002.98
100008.64
100008.74
100008.73
100011.07
100011.08
100013.26
100013.73
100013.71
100015.01
100016.31
100016.66
100016.29
100016.12
100015.69
100014.82
100013.78
100013.48
100011.87
100011.82
100011.64
100010.58
100010.71
100010.67
100010.27
100010.23
100010.21
100010.5
100010.47
100010.43
100011.59
100011.44
100011.33
100011.26
100011.26
100012.37
100012.31
100012.26
100012.21
100012.16
100012.09
100011.99
100011.83
100011.69
100011.86
100012.25
100012.64
100012.96
100013.17
100013.25
100013.23
100013.16
100013.06
100012.97
100012.88
100012.78
100012.7
100012.61
100012.53
100012.44
100012.36
100012.28
100012.2
100012.12
100012.04
100011.96
100011.88
100011.79
100011.71
100011.62
100011.53
100011.44
100011.35
100011.25
99984.031
99984.202
99984.372
99984.541
99984.708
99984.872
99985.031
99985.182
99985.322
99985.448
99985.553
99985.63
99985.671
99985.663
99985.591
99985.437
99985.18
99984.797
99984.263
99983.557
99982.666
99981.596
99980.394
99979.211
99977.468
99978.122
99980.204
99983.43
99987.109
99990.417
99991.951
99991.322
99990.18
99989.3
99988.735
99988.415
99988.272
99988.248
99988.305
99996.717
99997.025
99997.144
99997.087
99996.897
100002.72
100002.86
100002.97
100008.48
100008.57
100008.55
100011.07
100011.08
100013.16
100013.7
100013.71
100014.9
100015.81
100016.99
100016.31
100016.15
100015.71
100014.83
100013.38
100013.29
100011.87
100011.75
100011.62
100010.61
100010.67
100010.64
100010.32
100010.28
100010.26
100010.49
100010.47
100010.43
100011.69
100011.54
100011.42
100011.36
100011.34
100012.39
100012.33
100012.28
100012.24
100012.19
100012.13
100012.04
100011.93
100011.87
100012.04
100012.39
100012.78
100013.13
100013.35
100013.4
100014.81
100014.86
100014.91
100014.96
100015
100015.05
100015.09
100015.14
100015.18
100015.23
100015.27
100015.32
100015.36
100015.41
100015.45
100015.49
100015.53
100015.56
100015.6
100015.63
100015.66
100015.69
100015.72
100015.74
99984.095
99984.272
99984.449
99984.626
99984.802
99984.975
99985.145
99985.308
99985.462
99985.602
99985.723
99985.818
99985.876
99985.884
99985.827
99985.682
99985.425
99985.026
99984.452
99983.674
99982.663
99981.406
99979.922
99978.334
99977.06
99977.001
99978.836
99982.002
99985.546
99988.925
99990.491
99990.41
99989.718
99989.08
99988.639
99988.381
99988.267
99988.258
99988.322
99988.438
99996.797
99996.9
99996.851
99996.678
100002.68
100002.83
100002.95
100003.06
100008.41
100008.39
100011.06
100011.09
100013.06
100013.69
100013.7
100014.8
100015.72
100016.65
100016.34
100016.17
100015.74
100014.83
100013.87
100013.17
100011.86
100011.69
100011.59
100010.65
100010.64
100010.61
100010.38
100010.33
100010.51
100010.49
100010.46
100010.43
100011.78
100011.63
100011.52
100011.45
100012.48
100012.41
100012.36
100012.31
100012.26
100012.22
100012.17
100012.1
100012.03
100012.03
100012.2
100013.8
100014.21
100014.51
100014.7
100014.79
100014.84
100014.88
100014.92
100014.96
100015
100015.04
100015.08
100015.13
100015.17
100015.22
100015.26
100015.31
100015.35
100015.4
100015.44
100015.48
100015.52
100015.56
100015.59
100015.63
100015.66
100015.68
100015.71
100015.73
99984.158
99984.341
99984.525
99984.71
99984.895
99985.079
99985.26
99985.436
99985.605
99985.762
99985.901
99986.016
99986.096
99986.126
99986.089
99985.961
99985.711
99985.304
99984.7
99983.855
99982.728
99981.28
99979.493
99977.428
99975.504
99975.046
99977.169
99980.701
99984.294
99987.194
99988.753
99988.865
99989.24
99988.83
99988.515
99988.327
99988.249
99988.258
99988.334
99988.459
99996.59
99996.676
99996.628
99996.468
99996.225
100002.81
100002.94
100003.06
100008.26
100008.24
100011.06
100011.09
100012.97
100012.98
100013.7
100014.72
100015.65
100016.5
100016.44
100016.2
100015.76
100014.74
100014.09
100013.1
100011.86
100011.64
100010.69
100010.68
100010.61
100010.59
100010.43
100010.38
100010.51
100010.49
100010.46
100012.03
100011.86
100011.72
100011.61
100011.54
100012.5
100012.44
100012.38
100012.33
100012.29
100012.25
100012.21
100012.16
100013.69
100013.54
100013.67
100013.99
100014.34
100014.61
100014.78
100014.84
100014.87
100014.9
100014.93
100014.96
100015
100015.03
100015.07
100015.12
100015.16
100015.21
100015.25
100015.3
100015.34
100015.39
100015.43
100015.47
100015.51
100015.55
100015.59
100015.62
100015.65
100015.68
100015.71
100015.73
99984.221
99984.41
99984.601
99984.794
99984.989
99985.183
99985.376
99985.567
99985.751
99985.926
99986.087
99986.225
99986.33
99986.388
99986.378
99986.275
99986.043
99985.64
99985.016
99984.115
99982.88
99981.249
99979.152
99976.556
99973.762
99972.699
99975.411
99979.473
99983.163
99985.968
99987.552
99987.92
99987.52
99988.564
99988.373
99988.256
99988.219
99988.252
99988.343
99988.478
99988.648
99996.468
99996.418
99996.266
99996.036
100002.79
100002.94
100003.06
100008.11
100008.09
100011.06
100011.1
100012.89
100012.88
100013.7
100014.65
100015.6
100016.45
100016.58
100016.22
100015.79
100014.6
100014.13
100013.04
100011.86
100011.61
100010.72
100010.71
100010.59
100010.57
100010.48
100010.43
100010.51
100010.49
100010.46
100012.12
100011.95
100011.81
100011.7
100012.59
100012.52
100012.46
100012.41
100012.36
100012.32
100012.29
100012.25
100014.18
100013.91
100013.79
100013.9
100014.16
100014.46
100014.72
100014.87
100014.9
100014.9
100014.91
100014.93
100014.96
100014.99
100015.02
100015.06
100015.1
100015.15
100015.19
100015.24
100015.29
100015.33
100015.38
100015.42
100015.47
100015.51
100015.54
100015.58
100015.61
100015.65
100015.68
100015.7
100015.73
99984.282
99984.477
99984.676
99984.878
99985.081
99985.287
99985.493
99985.698
99985.9
99986.096
99986.279
99986.444
99986.579
99986.67
99986.696
99986.627
99986.424
99986.038
99985.409
99984.467
99983.14
99981.342
99978.959
99975.829
99971.938
99969.851
99973.723
99978.426
99982.208
99984.941
99986.54
99987.083
99986.904
99986.356
99988.221
99988.175
99988.181
99988.241
99988.348
99988.496
99988.676
99996.273
99996.22
99996.072
99995.851
100002.78
100002.94
100003.07
100007.98
100007.95
100007.87
100011.11
100012.8
100012.79
100013.7
100014.58
100015.57
100016.42
100016.4
100016.24
100015.81
100014.91
100014.12
100013
100011.87
100011.57
100010.76
100010.74
100010.56
100010.6
100010.53
100010.48
100010.51
100010.49
100010.46
100012.21
100012.04
100011.9
100011.79
100012.62
100012.55
100012.49
100012.43
100012.39
100012.35
100012.32
100014.67
100014.35
100014.11
100014.02
100014.1
100014.31
100014.57
100014.8
100014.96
100014.95
100014.93
100014.92
100014.94
100014.96
100014.98
100015.01
100015.05
100015.09
100015.13
100015.18
100015.23
100015.28
100015.32
100015.37
100015.41
100015.46
100015.5
100015.54
100015.58
100015.61
100015.64
100015.67
100015.7
100015.72
99984.341
99984.544
99984.75
99984.96
99985.174
99985.391
99985.61
99985.831
99986.051
99986.268
99986.478
99986.672
99986.842
99986.973
99987.042
99987.018
99986.859
99986.506
99985.889
99984.925
99983.527
99981.592
99978.975
99975.406
99970.392
99966.382
99972.434
99977.667
99981.462
99984.108
99985.698
99986.354
99986.338
99985.931
99985.327
99988.087
99988.137
99988.225
99988.352
99988.513
99988.704
99988.92
99996.03
99995.885
99995.67
99995.403
100002.94
100003.09
100007.85
100007.82
100007.74
100011.12
100012.72
100012.71
100013.7
100014.52
100015.54
100016.41
100016.36
100016.34
100015.62
100014.95
100014.1
100012.96
100011.88
100011.54
100010.8
100010.78
100010.54
100010.65
100010.59
100010.53
100010.51
100010.49
100012.48
100012.3
100012.13
100011.99
100012.71
100012.64
100012.57
100012.51
100012.46
100012.42
100012.38
100015.15
100014.8
100014.5
100014.29
100014.21
100014.27
100014.44
100014.65
100014.87
100015.05
100015
100014.95
100014.93
100014.94
100014.95
100014.97
100015
100015.03
100015.07
100015.12
100015.17
100015.22
100015.26
100015.31
100015.36
100015.41
100015.45
100015.49
100015.53
100015.57
100015.61
100015.64
100015.67
100015.7
100015.72
99984.399
99984.608
99984.822
99985.04
99985.264
99985.493
99985.726
99985.964
99986.204
99986.444
99986.68
99986.908
99987.117
99987.294
99987.416
99987.45
99987.35
99987.05
99986.466
99985.502
99984.058
99982.024
99979.25
99975.443
99969.913
99963.957
99971.987
99977.275
99980.941
99983.461
99985.01
99985.728
99985.826
99985.531
99985.012
99984.369
99988.09
99988.207
99988.355
99988.531
99988.734
99988.959
99995.849
99995.704
99995.493
99995.231
100002.95
100003.11
100003.25
100007.69
100007.61
100011.14
100011.19
100012.62
100013.71
100014.46
100015.52
100016.21
100016.33
100016.38
100015.62
100014.93
100013.21
100012.93
100011.89
100011.52
100010.84
100010.53
100010.52
100010.71
100010.64
100010.54
100010.52
100010.49
100012.57
100012.38
100012.22
100012.07
100012.74
100012.67
100012.6
100012.54
100012.49
100012.44
100015.62
100015.25
100014.92
100014.65
100014.45
100014.38
100014.42
100014.55
100014.73
100014.91
100015.11
100015.02
100014.96
100014.94
100014.94
100014.94
100014.96
100014.98
100015.02
100015.06
100015.1
100015.15
100015.2
100015.25
100015.3
100015.35
100015.4
100015.45
100015.49
100015.53
100015.57
100015.6
100015.64
100015.67
100015.7
100015.72
99984.455
99984.67
99984.892
99985.119
99985.353
99985.594
99985.841
99986.095
99986.355
99986.62
99986.886
99987.15
99987.402
99987.631
99987.816
99987.922
99987.899
99987.673
99987.148
99986.21
99984.747
99982.654
99979.811
99976.009
99970.952
99967.473
99972.54
99977.262
99980.641
99982.983
99984.458
99985.197
99985.369
99985.158
99984.708
99984.117
99983.439
99988.189
99988.357
99988.549
99988.764
99989
99989.253
99995.527
99995.319
99995.061
100002.97
100003.13
100003.28
100007.56
100007.48
100011.16
100011.21
100012.54
100013.72
100014.4
100015.51
100016.15
100016.32
100016.36
100015.57
100014.9
100013.2
100012.91
100011.9
100011.49
100010.87
100010.51
100010.51
100010.76
100010.69
100010.54
100010.52
100010.5
100012.66
100012.47
100012.3
100012.85
100012.77
100012.69
100012.63
100012.56
100012.51
100016.1
100015.72
100015.36
100015.04
100014.78
100014.6
100014.52
100014.55
100014.64
100014.78
100014.93
100015.05
100015.01
100014.96
100014.94
100014.93
100014.93
100014.94
100014.97
100015
100015.04
100015.09
100015.14
100015.19
100015.24
100015.3
100015.35
100015.39
100015.44
100015.48
100015.53
100015.56
100015.6
100015.63
100015.67
100015.69
100015.72
99984.509
99984.731
99984.959
99985.195
99985.439
99985.692
99985.954
99986.225
99986.506
99986.796
99987.093
99987.395
99987.695
99987.983
99988.239
99988.431
99988.505
99988.38
99987.943
99987.059
99985.604
99983.488
99980.649
99977.037
99972.871
99970.742
99973.755
99977.568
99980.537
99982.655
99984.025
99984.752
99984.966
99984.813
99984.419
99983.869
99983.22
99982.506
99988.359
99988.568
99988.796
99989.043
99989.306
99995.356
99995.148
99994.893
100002.99
100003.16
100003.31
100007.44
100007.36
100011.18
100011.23
100012.46
100013.73
100014.34
100015.5
100016.1
100016.44
100016.34
100015.54
100014.26
100013.2
100012.89
100011.91
100011.47
100010.91
100010.49
100010.49
100010.82
100010.75
100010.55
100010.53
100010.5
100012.75
100012.56
100012.39
100012.88
100012.8
100012.72
100012.65
100012.59
100016.59
100016.19
100015.81
100015.47
100015.16
100014.91
100014.74
100014.66
100014.66
100014.73
100014.83
100014.94
100015.01
100015
100014.96
100014.94
100014.92
100014.92
100014.92
100014.94
100014.98
100015.02
100015.07
100015.12
100015.18
100015.23
100015.29
100015.34
100015.39
100015.44
100015.48
100015.52
100015.56
100015.6
100015.63
100015.66
100015.69
100015.72
99984.561
99984.788
99985.024
99985.268
99985.523
99985.787
99986.063
99986.352
99986.654
99986.97
99987.299
99987.642
99987.993
99988.345
99988.682
99988.974
99989.167
99989.173
99988.858
99988.06
99986.636
99984.518
99981.725
99978.378
99974.988
99973.44
99975.215
99978.101
99980.596
99982.456
99983.697
99984.384
99984.613
99984.499
99984.144
99983.628
99983.003
99982.304
99988.363
99988.588
99988.829
99989.087
99989.36
99995.188
99994.98
99994.726
99994.439
100003.19
100003.35
100007.32
100007.24
100011.2
100011.25
100012.38
100013.75
100014.29
100015.5
100016.05
100016.42
100016.32
100015.52
100014.25
100013.2
100012.87
100011.93
100011.45
100010.95
100010.48
100010.47
100010.88
100010.8
100010.56
100010.53
100013.04
100012.84
100012.65
100012.48
100012.91
100012.83
100012.75
100012.68
100012.62
100016.69
100016.29
100015.91
100015.57
100015.28
100015.04
100014.87
100014.78
100014.76
100014.8
100014.87
100014.94
100014.99
100014.98
100014.96
100014.93
100014.91
100014.89
100014.9
100014.92
100014.95
100015
100015.05
100015.11
100015.17
100015.23
100015.28
100015.33
100015.38
100015.43
100015.48
100015.52
100015.56
100015.6
100015.63
100015.66
100015.69
100015.72
)
;

boundaryField
{
    farfieldLeft
    {
        type            waveTransmissive;
        gamma           1.4;
        fieldInf        100000;
        lInf            1;
        value           uniform 100000;
    }
    farfieldRight
    {
        type            waveTransmissive;
        gamma           1.4;
        fieldInf        100000;
        lInf            1;
        value           uniform 100000;
    }
    farfieldTop
    {
        type            freestreamPressure;
        freestreamValue uniform 100000;
        value           uniform 100000;
    }
    airfoil
    {
        type            zeroGradient;
    }
    front
    {
        type            empty;
    }
    back
    {
        type            empty;
    }
}


// ************************************************************************* //
