/*--------------------------------*- C++ -*----------------------------------*\
| =========                 |                                                 |
| \\      /  F ield         | OpenFOAM: The Open Source CFD Toolbox           |
|  \\    /   O peration     | Version:  2312                                  |
|   \\  /    A nd           | Website:  www.openfoam.com                      |
|    \\/     M anipulation  |                                                 |
\*---------------------------------------------------------------------------*/
FoamFile
{
    version     2.0;
    format      ascii;
    arch        "LSB;label=32;scalar=64";
    class       volScalarField;
    location    "0";
    object      T;
}
// * * * * * * * * * * * * * * * * * * * * * * * * * * * * * * * * * * * * * //

dimensions      [0 0 0 1 0 0 0];

internalField   nonuniform List<scalar> 
8880
(
299.33409
299.33422
299.33439
299.33457
299.33479
299.33503
299.33529
299.33559
299.33591
299.33625
299.33663
299.33703
299.33746
299.33792
299.3384
299.24367
299.24197
299.24028
299.23861
299.23694
299.23529
299.23364
299.23199
299.23035
299.2287
299.22705
299.22539
299.22374
299.2221
299.22052
299.21902
299.21762
299.21628
299.21499
299.21376
299.21259
299.2115
299.2105
299.20961
299.20887
299.42545
299.42583
299.4262
299.42657
299.42693
299.33949
299.33999
299.34041
299.34072
299.02269
299.0232
298.68344
298.68345
298.3733
298.25259
298.25246
298.13712
298.09677
298.10472
298.13427
298.14597
298.15341
298.15575
298.1563
298.15303
298.153
298.14632
298.1366
298.13653
298.12261
298.12255
298.10733
298.1072
298.10708
298.10694
298.0874
298.08731
298.08722
298.08713
298.08704
298.0694
298.06925
298.06909
298.06893
298.06876
298.06859
298.06841
298.06822
298.06803
298.06782
298.0676
298.06735
298.06709
298.06681
298.06652
298.06622
298.0659
298.06558
298.06525
298.06491
298.06456
298.06421
298.06384
298.06346
298.06308
298.03195
298.03158
298.03122
298.03087
298.03053
298.0302
298.02988
298.02957
298.02926
298.02897
298.02868
298.0284
298.02813
298.02786
298.0276
299.33409
299.33422
299.33438
299.33457
299.33479
299.33503
299.33529
299.33559
299.33591
299.33625
299.33663
299.33703
299.33746
299.33791
299.3384
299.24367
299.24197
299.24028
299.23861
299.23694
299.23529
299.23364
299.23199
299.23034
299.22869
299.22704
299.22539
299.22374
299.2221
299.22051
299.21901
299.21761
299.21627
299.21499
299.21375
299.21258
299.21149
299.21049
299.2096
299.20886
299.42545
299.42583
299.4262
299.42657
299.42693
299.33949
299.34
299.34042
299.34073
299.02271
299.02321
298.68344
298.68346
298.3733
298.25259
298.25246
298.13712
298.09677
298.10472
298.13427
298.14597
298.15341
298.15575
298.1563
298.15303
298.153
298.14632
298.13661
298.13653
298.12261
298.12255
298.10733
298.10721
298.10708
298.10694
298.0874
298.08731
298.08722
298.08713
298.08704
298.06941
298.06925
298.06909
298.06893
298.06876
298.06859
298.06841
298.06822
298.06803
298.06782
298.0676
298.06735
298.06709
298.06681
298.06652
298.06622
298.0659
298.06558
298.06525
298.06491
298.06456
298.06421
298.06384
298.06346
298.06308
298.03195
298.03158
298.03122
298.03087
298.03053
298.0302
298.02988
298.02957
298.02926
298.02897
298.02868
298.0284
298.02813
298.02786
298.0276
299.33409
299.33422
299.33438
299.33457
299.33479
299.33503
299.33529
299.33559
299.3359
299.33625
299.33663
299.33703
299.33746
299.33791
299.3384
299.24367
299.24196
299.24028
299.2386
299.23694
299.23528
299.23363
299.23198
299.23034
299.22869
299.22704
299.22538
299.22373
299.22209
299.2205
299.21901
299.21761
299.21626
299.21498
299.21374
299.21257
299.21147
299.21047
299.20959
299.20884
299.20827
299.42583
299.42621
299.42657
299.42693
299.3395
299.34001
299.34043
299.34074
299.02273
299.02324
298.68345
298.68347
298.3733
298.25259
298.25246
298.13712
298.09676
298.10472
298.13427
298.14597
298.15341
298.15575
298.1563
298.15303
298.153
298.14632
298.13661
298.13654
298.12261
298.12255
298.10733
298.10721
298.10708
298.10694
298.0874
298.08731
298.08722
298.08713
298.06956
298.06941
298.06925
298.06909
298.06893
298.06876
298.06859
298.06841
298.06822
298.06803
298.06782
298.0676
298.06735
298.06709
298.06681
298.06652
298.06622
298.0659
298.06558
298.06525
298.06491
298.06456
298.06421
298.06384
298.06346
298.06308
298.03195
298.03158
298.03122
298.03087
298.03053
298.0302
298.02988
298.02957
298.02926
298.02897
298.02868
298.0284
298.02813
298.02786
298.0276
299.33409
299.33422
299.33438
299.33457
299.33478
299.33502
299.33529
299.33558
299.3359
299.33625
299.33662
299.33703
299.33746
299.33791
299.3384
299.24366
299.24196
299.24027
299.2386
299.23693
299.23528
299.23363
299.23198
299.23033
299.22868
299.22703
299.22538
299.22372
299.22208
299.2205
299.219
299.2176
299.21625
299.21496
299.21373
299.21256
299.21146
299.21046
299.20957
299.20882
299.20825
299.42583
299.42621
299.42657
299.42693
299.33951
299.34002
299.34044
299.34075
299.02276
299.02326
298.68346
298.68348
298.37331
298.25259
298.25246
298.13711
298.09676
298.10472
298.13427
298.14597
298.15341
298.15575
298.1563
298.15303
298.153
298.14632
298.13661
298.13654
298.12261
298.12255
298.10733
298.10721
298.10708
298.10694
298.0874
298.08731
298.08722
298.08713
298.06956
298.06941
298.06925
298.06909
298.06893
298.06876
298.06859
298.06841
298.06822
298.06803
298.06782
298.0676
298.06735
298.06709
298.06681
298.06652
298.06622
298.06591
298.06558
298.06525
298.06491
298.06456
298.06421
298.06384
298.06346
298.06308
298.03195
298.03158
298.03122
298.03087
298.03053
298.0302
298.02988
298.02957
298.02926
298.02897
298.02868
298.0284
298.02813
298.02786
298.0276
299.33409
299.33422
299.33438
299.33457
299.33478
299.33502
299.33529
299.33558
299.3359
299.33625
299.33662
299.33703
299.33746
299.33791
299.3384
299.24366
299.24196
299.24027
299.23859
299.23693
299.23527
299.23362
299.23197
299.23032
299.22868
299.22702
299.22537
299.22372
299.22208
299.22049
299.21899
299.21759
299.21624
299.21495
299.21371
299.21254
299.21144
299.21043
299.20955
299.2088
299.20823
299.42584
299.42621
299.42658
299.42694
299.33953
299.34003
299.34045
299.34076
299.02279
299.02329
298.68348
298.68349
298.37331
298.25259
298.25246
298.13711
298.09676
298.10472
298.13427
298.14597
298.15341
298.15575
298.1563
298.15303
298.153
298.14632
298.13661
298.13654
298.12261
298.12255
298.10733
298.10721
298.10708
298.10694
298.0874
298.08731
298.08722
298.08713
298.06956
298.06941
298.06925
298.06909
298.06893
298.06876
298.06859
298.06841
298.06822
298.06803
298.06782
298.0676
298.06735
298.06709
298.06681
298.06652
298.06622
298.06591
298.06558
298.06525
298.06491
298.06456
298.06421
298.06384
298.06346
298.06308
298.03195
298.03158
298.03122
298.03087
298.03053
298.0302
298.02988
298.02957
298.02926
298.02897
298.02868
298.0284
298.02813
298.02786
298.0276
299.33408
299.33422
299.33438
299.33457
299.33478
299.33502
299.33529
299.33558
299.3359
299.33625
299.33662
299.33702
299.33745
299.33791
299.24538
299.24365
299.24195
299.24026
299.23859
299.23692
299.23526
299.23361
299.23196
299.23032
299.22867
299.22701
299.22536
299.22371
299.22207
299.22047
299.21898
299.21757
299.21623
299.21493
299.21369
299.21252
299.21142
299.21041
299.20952
299.20877
299.2082
299.42584
299.42621
299.42658
299.42694
299.33954
299.34005
299.34047
299.34078
299.02282
299.02333
298.68349
298.68351
298.37331
298.25259
298.25245
298.13711
298.09676
298.10472
298.13427
298.14597
298.15341
298.15575
298.1563
298.15304
298.15301
298.14632
298.13661
298.13654
298.12262
298.12255
298.10733
298.10721
298.10708
298.10694
298.0874
298.08731
298.08722
298.08713
298.06956
298.06941
298.06925
298.06909
298.06893
298.06876
298.06859
298.06841
298.06822
298.06803
298.06782
298.0676
298.06735
298.06709
298.06681
298.06652
298.06622
298.06591
298.06558
298.06525
298.06491
298.06456
298.06421
298.06384
298.06346
298.06308
298.06268
298.03158
298.03122
298.03087
298.03053
298.0302
298.02988
298.02957
298.02926
298.02897
298.02868
298.0284
298.02813
298.02786
298.0276
299.33408
299.33422
299.33438
299.33456
299.33478
299.33502
299.33529
299.33558
299.3359
299.33625
299.33662
299.33702
299.33745
299.33791
299.24537
299.24365
299.24194
299.24025
299.23858
299.23691
299.23526
299.2336
299.23196
299.23031
299.22866
299.227
299.22535
299.22369
299.22205
299.22046
299.21896
299.21755
299.21621
299.21491
299.21367
299.21249
299.21139
299.21038
299.20949
299.20874
299.20816
299.42584
299.42622
299.42658
299.42694
299.33956
299.34007
299.34049
299.3408
299.02287
299.02337
298.68351
298.68353
298.37332
298.25259
298.25245
298.1371
298.09676
298.10472
298.13427
298.14597
298.15342
298.15575
298.1563
298.15304
298.15301
298.14632
298.13662
298.13654
298.12262
298.12255
298.10734
298.10721
298.10708
298.10695
298.0874
298.08731
298.08722
298.08713
298.06956
298.06941
298.06925
298.06909
298.06893
298.06876
298.06859
298.06841
298.06822
298.06803
298.06782
298.0676
298.06735
298.06709
298.06681
298.06652
298.06622
298.06591
298.06558
298.06525
298.06491
298.06456
298.06421
298.06384
298.06346
298.06308
298.06268
298.03158
298.03122
298.03087
298.03053
298.0302
298.02988
298.02957
298.02926
298.02897
298.02868
298.0284
298.02813
298.02786
298.0276
299.33408
299.33421
299.33437
299.33456
299.33478
299.33502
299.33528
299.33558
299.3359
299.33625
299.33662
299.33702
299.33745
299.33791
299.24536
299.24364
299.24194
299.24025
299.23857
299.2369
299.23525
299.23359
299.23194
299.23029
299.22864
299.22699
299.22533
299.22368
299.22204
299.22044
299.21894
299.21753
299.21618
299.21489
299.21364
299.21246
299.21136
299.21034
299.20945
299.20869
299.20811
299.42585
299.42622
299.42659
299.42695
299.33958
299.34009
299.34051
299.34082
299.02292
299.02343
298.68354
298.68355
298.37333
298.25258
298.25245
298.1371
298.09676
298.10472
298.13427
298.14597
298.15342
298.15575
298.1563
298.15304
298.15301
298.14633
298.13662
298.13655
298.12262
298.12255
298.10734
298.10722
298.10709
298.10695
298.0874
298.08731
298.08722
298.08713
298.06956
298.06941
298.06925
298.06909
298.06893
298.06876
298.06859
298.06841
298.06822
298.06803
298.06782
298.0676
298.06735
298.06709
298.06681
298.06652
298.06622
298.06591
298.06558
298.06525
298.06491
298.06456
298.06421
298.06384
298.06346
298.06308
298.06268
298.03158
298.03122
298.03087
298.03053
298.0302
298.02988
298.02957
298.02926
298.02897
298.02868
298.0284
298.02813
298.02786
298.0276
299.33407
299.33421
299.33437
299.33456
299.33477
299.33501
299.33528
299.33558
299.3359
299.33624
299.33662
299.33702
299.33745
299.33791
299.24536
299.24363
299.24193
299.24024
299.23856
299.23689
299.23523
299.23358
299.23193
299.23028
299.22863
299.22697
299.22531
299.22366
299.22202
299.22042
299.21892
299.21751
299.21616
299.21486
299.21361
299.21242
299.21131
299.2103
299.2094
299.20864
299.20806
299.42585
299.42623
299.4266
299.42696
299.33961
299.34012
299.34054
299.34085
299.02299
299.02349
298.68357
298.68358
298.37333
298.37328
298.25245
298.13709
298.09675
298.10471
298.13427
298.14597
298.15342
298.15576
298.1563
298.15304
298.14636
298.14633
298.13662
298.13655
298.12262
298.12255
298.10734
298.10722
298.10709
298.10695
298.0874
298.08731
298.08722
298.08714
298.06956
298.06941
298.06925
298.0691
298.06893
298.06876
298.06859
298.06841
298.06822
298.06803
298.06782
298.0676
298.06735
298.06709
298.06681
298.06652
298.06622
298.06591
298.06558
298.06525
298.06491
298.06456
298.06421
298.06384
298.06346
298.06308
298.06268
298.03158
298.03122
298.03087
298.03053
298.0302
298.02988
298.02957
298.02926
298.02897
298.02868
298.0284
298.02813
298.02786
298.0276
299.33407
299.33421
299.33437
299.33456
299.33477
299.33501
299.33528
299.33557
299.33589
299.33624
299.33662
299.33702
299.33745
299.33791
299.24534
299.24362
299.24191
299.24022
299.23855
299.23688
299.23522
299.23356
299.23191
299.23026
299.22861
299.22695
299.22529
299.22363
299.22199
299.2204
299.21889
299.21748
299.21612
299.21482
299.21357
299.21238
299.21126
299.21024
299.20934
299.20858
299.20799
299.42586
299.42623
299.4266
299.42696
299.33964
299.34016
299.34057
299.34089
299.02307
299.02357
298.6836
298.68361
298.37334
298.37329
298.25244
298.13708
298.09675
298.10471
298.13428
298.14597
298.15342
298.15576
298.1563
298.15305
298.14636
298.14633
298.13663
298.13655
298.12262
298.12256
298.10735
298.10722
298.10709
298.10696
298.0874
298.08731
298.08722
298.08714
298.06956
298.06941
298.06926
298.0691
298.06893
298.06877
298.06859
298.06841
298.06822
298.06803
298.06782
298.0676
298.06735
298.06709
298.06681
298.06652
298.06622
298.06591
298.06558
298.06525
298.06491
298.06456
298.06421
298.06384
298.06346
298.06308
298.06268
298.03158
298.03122
298.03087
298.03053
298.0302
298.02988
298.02957
298.02926
298.02897
298.02868
298.0284
298.02813
298.02786
298.0276
299.33406
299.3342
299.33436
299.33455
299.33477
299.33501
299.33528
299.33557
299.33589
299.33624
299.33661
299.33702
299.33745
299.33791
299.24533
299.24361
299.2419
299.24021
299.23853
299.23686
299.2352
299.23354
299.23189
299.23024
299.22858
299.22693
299.22527
299.22361
299.22196
299.22037
299.21886
299.21744
299.21608
299.21477
299.21352
299.21232
299.2112
299.21018
299.20927
299.2085
299.20791
299.42586
299.42624
299.42661
299.42697
299.33968
299.3402
299.34062
299.34093
299.02316
299.02367
298.68364
298.68365
298.37336
298.3733
298.25244
298.13707
298.09674
298.10471
298.13428
298.14597
298.15342
298.15576
298.15631
298.15305
298.14637
298.14633
298.13663
298.13656
298.12262
298.12256
298.10735
298.10723
298.1071
298.10696
298.0874
298.08731
298.08722
298.08714
298.06957
298.06941
298.06926
298.0691
298.06893
298.06877
298.06859
298.06841
298.06822
298.06803
298.06782
298.0676
298.06735
298.06709
298.06681
298.06652
298.06622
298.06591
298.06558
298.06525
298.06491
298.06457
298.06421
298.06384
298.06346
298.06308
298.06268
298.03158
298.03122
298.03087
298.03053
298.0302
298.02988
298.02957
298.02926
298.02897
298.02868
298.0284
298.02813
298.02786
298.0276
299.33406
299.33419
299.33436
299.33455
299.33476
299.335
299.33527
299.33557
299.33589
299.33623
299.33661
299.33701
299.33744
299.3379
299.24532
299.24359
299.24188
299.24019
299.23851
299.23684
299.23518
299.23352
299.23187
299.23021
299.22856
299.2269
299.22523
299.22357
299.22193
299.22033
299.21882
299.2174
299.21603
299.21472
299.21345
299.21225
299.21113
299.2101
299.20918
299.20841
299.20781
299.42587
299.42625
299.42662
299.42699
299.42734
299.34025
299.34067
299.34099
299.02328
299.02379
298.68369
298.6837
298.37337
298.37332
298.25243
298.13706
298.10573
298.10471
298.13428
298.14597
298.15342
298.15638
298.15631
298.15306
298.14637
298.14634
298.13664
298.13657
298.12263
298.12256
298.10736
298.10724
298.1071
298.0875
298.0874
298.08731
298.08723
298.08714
298.06957
298.06942
298.06926
298.0691
298.06894
298.06877
298.06859
298.06841
298.06823
298.06803
298.06782
298.0676
298.06735
298.06709
298.06681
298.06652
298.06622
298.06591
298.06559
298.06525
298.06491
298.06457
298.06421
298.06384
298.06346
298.06308
298.06268
298.03158
298.03122
298.03087
298.03053
298.0302
298.02988
298.02957
298.02926
298.02897
298.02868
298.0284
298.02812
298.02786
298.0276
299.33405
299.33419
299.33435
299.33454
299.33475
299.335
299.33527
299.33556
299.33588
299.33623
299.33661
299.33701
299.33744
299.3379
299.2453
299.24357
299.24186
299.24017
299.23849
299.23681
299.23515
299.23349
299.23184
299.23018
299.22852
299.22686
299.2252
299.22353
299.22189
299.22029
299.21877
299.21734
299.21597
299.21465
299.21338
299.21217
299.21104
299.21
299.20908
299.2083
299.20769
299.42588
299.42626
299.42664
299.427
299.42736
299.34031
299.34073
299.34105
299.02342
299.02393
298.68376
298.68377
298.37339
298.37333
298.25242
298.13704
298.10571
298.1047
298.13428
298.14597
298.15342
298.15639
298.15631
298.15306
298.14637
298.14634
298.13665
298.13657
298.12263
298.12257
298.10737
298.10724
298.10711
298.0875
298.0874
298.08731
298.08723
298.08714
298.06957
298.06942
298.06926
298.0691
298.06894
298.06877
298.06859
298.06841
298.06823
298.06803
298.06782
298.0676
298.06735
298.06709
298.06681
298.06652
298.06622
298.06591
298.06559
298.06525
298.06492
298.06457
298.06421
298.06384
298.06346
298.06308
298.06268
298.03158
298.03122
298.03087
298.03053
298.0302
298.02988
298.02957
298.02926
298.02897
298.02868
298.0284
298.02812
298.02786
298.0276
299.33404
299.33418
299.33434
299.33453
299.33475
299.33499
299.33526
299.33555
299.33588
299.33622
299.3366
299.337
299.33744
299.3379
299.24528
299.24355
299.24184
299.24014
299.23846
299.23678
299.23512
299.23346
299.2318
299.23014
299.22848
299.22682
299.22515
299.22348
299.22184
299.22023
299.21871
299.21728
299.2159
299.21457
299.21329
299.21208
299.21093
299.20988
299.20895
299.20816
299.20755
299.4259
299.42628
299.42665
299.42702
299.42738
299.34038
299.34081
299.34113
299.02359
299.0241
298.68383
298.68384
298.37341
298.37335
298.25241
298.13702
298.10569
298.1047
298.13428
298.14597
298.15343
298.15639
298.15632
298.15307
298.14638
298.14635
298.13666
298.13658
298.12264
298.12257
298.10737
298.10725
298.10712
298.0875
298.0874
298.08732
298.08723
298.08714
298.06957
298.06942
298.06926
298.0691
298.06894
298.06877
298.0686
298.06842
298.06823
298.06803
298.06782
298.0676
298.06735
298.06709
298.06681
298.06652
298.06622
298.06591
298.06559
298.06526
298.06492
298.06457
298.06421
298.06384
298.06346
298.06308
298.06268
298.03158
298.03122
298.03087
298.03053
298.0302
298.02988
298.02957
298.02926
298.02897
298.02868
298.0284
298.02812
298.02786
298.0276
299.33403
299.33417
299.33433
299.33452
299.33474
299.33498
299.33525
299.33555
299.33587
299.33622
299.33659
299.337
299.33743
299.33789
299.24525
299.24352
299.24181
299.24011
299.23842
299.23675
299.23508
299.23342
299.23176
299.2301
299.22843
299.22676
299.22509
299.22343
299.22177
299.22017
299.21864
299.2172
299.21581
299.21447
299.21319
299.21196
299.2108
299.20974
299.2088
299.208
299.20737
299.42591
299.42629
299.42667
299.42704
299.4274
299.34047
299.3409
299.34122
299.02379
299.02431
298.68392
298.68393
298.37343
298.37338
298.2524
298.137
298.10567
298.1047
298.13428
298.14598
298.15343
298.1564
298.15632
298.15308
298.14639
298.14635
298.13667
298.1366
298.12264
298.12258
298.10739
298.10726
298.10713
298.0875
298.08741
298.08732
298.08723
298.08714
298.06958
298.06942
298.06927
298.06911
298.06894
298.06877
298.0686
298.06842
298.06823
298.06803
298.06782
298.0676
298.06735
298.06709
298.06681
298.06652
298.06622
298.06591
298.06559
298.06526
298.06492
298.06457
298.06421
298.06384
298.06347
298.06308
298.06268
298.03158
298.03122
298.03087
298.03053
298.0302
298.02988
298.02957
298.02926
298.02897
298.02868
298.0284
298.02812
298.02786
298.0276
299.12807
299.12526
299.12241
299.11953
299.11662
299.11365
299.11065
299.10759
299.10448
299.10132
299.0981
299.09482
299.09148
299.08806
298.96327
298.96216
298.96107
298.95999
298.95894
298.95789
298.95686
298.95584
298.95482
298.95382
298.95281
298.9518
298.9508
298.9498
298.94881
298.94785
299.21856
299.21711
299.21571
299.21436
299.21306
299.21182
299.21065
299.20958
299.20862
299.2078
299.20716
299.42593
299.42631
299.42669
299.42706
299.42743
299.34057
299.34101
299.34133
299.02404
299.02456
298.68403
298.68403
298.37346
298.3734
298.25239
298.13698
298.10564
298.10469
298.13429
298.14598
298.15343
298.1564
298.15633
298.15309
298.14639
298.14636
298.13668
298.13661
298.12265
298.12258
298.1074
298.10727
298.10714
298.0875
298.08741
298.08732
298.08723
298.08714
298.06958
298.06943
298.06927
298.06911
298.06895
298.06878
298.0686
298.06842
298.06823
298.06803
298.06782
298.05026
298.05017
298.05006
298.04994
298.04982
298.04968
298.04953
298.04938
298.04921
298.04904
298.04886
298.04868
298.04848
298.04827
298.04806
298.04784
298.02104
298.02057
298.02011
298.01966
298.01923
298.01881
298.01839
298.01799
298.0176
298.01721
298.01684
298.01647
298.01611
298.01576
299.12805
299.12524
299.12239
299.11951
299.11659
299.11363
299.11062
299.10757
299.10446
299.1013
299.09808
299.09479
299.09145
299.08803
298.96323
298.96211
298.96101
298.95994
298.95888
298.95783
298.95679
298.95577
298.95475
298.95373
298.95272
298.95171
298.9507
298.94969
298.94869
298.94773
298.94682
299.217
299.21559
299.21422
299.21291
299.21165
299.21047
299.20938
299.2084
299.20757
299.20692
299.42595
299.42634
299.42672
299.42709
299.42746
299.3407
299.34114
299.34147
299.02432
299.02485
298.68415
298.68416
298.3735
298.37344
298.25237
298.13695
298.1056
298.10468
298.13429
298.14598
298.15344
298.15641
298.15633
298.1531
298.1464
298.14637
298.1367
298.13663
298.12266
298.12259
298.10741
298.10729
298.10716
298.0875
298.08741
298.08732
298.08723
298.08714
298.06959
298.06943
298.06928
298.06912
298.06895
298.06878
298.0686
298.06842
298.06823
298.06803
298.05034
298.05026
298.05016
298.05006
298.04994
298.04981
298.04968
298.04953
298.04938
298.04921
298.04904
298.04886
298.04867
298.04848
298.04827
298.04806
298.04784
298.02104
298.02057
298.02011
298.01967
298.01923
298.01881
298.01839
298.01799
298.0176
298.01721
298.01684
298.01647
298.01611
298.01576
299.12802
299.12521
299.12237
299.11949
299.11657
299.11361
299.1106
299.10754
299.10443
299.10127
299.09805
299.09476
299.09141
299.08799
298.96317
298.96205
298.96095
298.95987
298.95881
298.95776
298.95672
298.95568
298.95466
298.95364
298.95262
298.9516
298.95058
298.94956
298.94856
298.94758
298.94667
298.94583
299.21544
299.21406
299.21273
299.21146
299.21026
299.20914
299.20815
299.20729
299.20662
299.20617
299.42636
299.42675
299.42713
299.4275
299.34085
299.34129
299.34162
299.02467
299.02519
298.6843
298.68431
298.37354
298.37348
298.25236
298.13691
298.10556
298.10468
298.1343
298.14598
298.15344
298.15642
298.15634
298.15312
298.14641
298.14638
298.13672
298.13664
298.12267
298.1226
298.10743
298.10731
298.10717
298.0875
298.08741
298.08732
298.08723
298.06974
298.06959
298.06944
298.06928
298.06912
298.06895
298.06878
298.06861
298.06842
298.06823
298.05041
298.05033
298.05025
298.05016
298.05005
298.04994
298.04981
298.04967
298.04953
298.04937
298.04921
298.04904
298.04886
298.04867
298.04848
298.04827
298.04806
298.04784
298.02104
298.02057
298.02011
298.01967
298.01923
298.01881
298.01839
298.01799
298.0176
298.01721
298.01684
298.01647
298.01611
298.01576
299.12799
299.12518
299.12234
299.11946
299.11654
299.11357
299.11057
299.10751
299.1044
299.10123
299.09801
299.09472
299.09137
299.08795
298.96311
298.96199
298.96088
298.9598
298.95873
298.95767
298.95662
298.95559
298.95455
298.95352
298.9525
298.95147
298.95044
298.94941
298.9484
298.94741
298.94649
298.94563
298.94485
299.21388
299.21253
299.21123
299.21
299.20887
299.20785
299.20697
299.20628
299.2058
299.42639
299.42678
299.42717
299.42754
299.34102
299.34147
299.34181
299.02506
299.0256
298.68448
298.68448
298.37359
298.37353
298.25233
298.13687
298.10552
298.10467
298.1343
298.14599
298.15345
298.15643
298.15635
298.15313
298.14642
298.14639
298.13674
298.13667
298.12268
298.12261
298.10745
298.10732
298.10719
298.0875
298.08741
298.08732
298.08723
298.06975
298.0696
298.06944
298.06929
298.06913
298.06896
298.06879
298.06861
298.06843
298.05047
298.0504
298.05033
298.05024
298.05015
298.05005
298.04993
298.0498
298.04967
298.04952
298.04937
298.04921
298.04904
298.04886
298.04867
298.04847
298.04827
298.04806
298.04784
298.02105
298.02058
298.02012
298.01967
298.01923
298.01881
298.0184
298.01799
298.0176
298.01721
298.01683
298.01647
298.01611
298.01576
299.12796
299.12515
299.1223
299.11942
299.1165
299.11354
299.11053
299.10747
299.10436
299.10119
299.09797
299.09468
299.09132
298.96419
298.96304
298.96191
298.9608
298.95971
298.95864
298.95757
298.95652
298.95547
298.95443
298.95339
298.95236
298.95132
298.95028
298.94924
298.94822
298.94722
298.94628
298.94541
298.9446
298.94388
299.21229
299.21096
299.20971
299.20855
299.2075
299.20659
299.20587
299.20537
299.42643
299.42682
299.42721
299.42759
299.34122
299.34168
299.34202
299.02553
299.02607
299.02635
298.68468
298.37365
298.37358
298.25231
298.13682
298.10546
298.10466
298.13431
298.14599
298.15346
298.15644
298.15636
298.15315
298.14644
298.1464
298.13677
298.12275
298.12269
298.12262
298.10747
298.10735
298.10721
298.0875
298.08741
298.08732
298.08723
298.06976
298.0696
298.06945
298.06929
298.06913
298.06897
298.06879
298.06862
298.05053
298.05046
298.05039
298.05032
298.05024
298.05014
298.05004
298.04993
298.0498
298.04967
298.04952
298.04937
298.04921
298.04904
298.04886
298.04867
298.04847
298.04827
298.04806
298.04784
298.04761
298.02058
298.02012
298.01967
298.01924
298.01881
298.0184
298.01799
298.0176
298.01721
298.01683
298.01647
298.01611
298.01576
299.12792
299.12511
299.12226
299.11938
299.11646
299.1135
299.11049
299.10743
299.10431
299.10115
299.09792
299.09463
299.09127
298.96411
298.96296
298.96183
298.96071
298.95961
298.95853
298.95746
298.9564
298.95534
298.95429
298.95325
298.9522
298.95115
298.9501
298.94905
298.94801
298.947
298.94604
298.94514
298.94432
298.94356
298.9429
299.21066
299.20938
299.20818
299.20709
299.20615
299.2054
299.20487
299.42647
299.42687
299.42726
299.42765
299.34145
299.34192
299.34227
299.02607
299.02662
299.0269
298.68491
298.37371
298.37364
298.25228
298.13676
298.1054
298.10465
298.13431
298.146
298.15347
298.15646
298.15637
298.15318
298.14645
298.14642
298.1368
298.12277
298.1227
298.12263
298.1075
298.10737
298.10724
298.0875
298.08741
298.08732
298.08723
298.06976
298.06961
298.06946
298.0693
298.06914
298.06897
298.0688
298.05058
298.05052
298.05045
298.05038
298.05031
298.05023
298.05014
298.05003
298.04992
298.04979
298.04966
298.04952
298.04936
298.0492
298.04903
298.04885
298.04867
298.04847
298.04827
298.04806
298.04783
298.04761
298.02058
298.02012
298.01967
298.01924
298.01881
298.0184
298.01799
298.0176
298.01721
298.01683
298.01647
298.01611
298.01575
299.12787
299.12506
299.12222
299.11934
299.11641
299.11345
299.11044
299.10738
299.10426
299.10109
299.09786
299.09457
299.09121
298.96403
298.96287
298.96173
298.96061
298.9595
298.95841
298.95733
298.95626
298.9552
298.95414
298.95308
298.95202
298.95096
298.94989
298.94883
298.94777
298.94674
298.94576
298.94484
298.94399
298.94321
298.94251
299.21031
299.20899
299.20776
299.20663
299.20565
299.20486
299.20429
299.20402
299.42692
299.42732
299.42771
299.42809
299.34219
299.34255
299.34278
299.02725
299.02753
298.68518
298.37379
298.37371
298.25224
298.13669
298.10533
298.10464
298.13432
298.146
298.15348
298.15647
298.15638
298.1532
298.14647
298.14644
298.13683
298.12278
298.12272
298.10765
298.10753
298.1074
298.08759
298.0875
298.08741
298.08732
298.06993
298.06977
298.06962
298.06947
298.06931
298.06915
298.06898
298.06881
298.05057
298.05051
298.05044
298.05037
298.0503
298.05022
298.05013
298.05002
298.04991
298.04979
298.04966
298.04951
298.04936
298.0492
298.04903
298.04885
298.04866
298.04847
298.04827
298.04805
298.04783
298.0476
298.02059
298.02013
298.01968
298.01924
298.01881
298.0184
298.01799
298.0176
298.01721
298.01683
298.01646
298.0161
298.01575
299.12781
299.125
299.12216
299.11928
299.11636
299.1134
299.11038
299.10732
299.10421
299.10104
299.0978
299.09451
299.09114
298.96393
298.96276
298.96162
298.96049
298.95938
298.95828
298.95719
298.95611
298.95503
298.95396
298.95289
298.95182
298.95074
298.94966
298.94858
298.94751
298.94646
298.94545
298.94451
298.94362
298.9428
298.94207
298.94145
299.20856
299.20727
299.2061
299.20507
299.20423
299.20363
299.20332
299.42698
299.42738
299.42778
299.42817
299.34251
299.34287
299.34311
299.02796
299.02824
298.68548
298.68534
298.37379
298.2522
298.13662
298.10525
298.10462
298.13433
298.14601
298.15349
298.15649
298.15639
298.15323
298.14649
298.13694
298.13687
298.1228
298.12273
298.10769
298.10756
298.10743
298.08759
298.0875
298.0874
298.08732
298.06993
298.06978
298.06963
298.06947
298.06932
298.06915
298.06899
298.05061
298.05055
298.05049
298.05043
298.05036
298.05029
298.05021
298.05012
298.05002
298.0499
298.04978
298.04965
298.04951
298.04936
298.04919
298.04903
298.04885
298.04866
298.04847
298.04826
298.04805
298.04783
298.0476
298.02059
298.02013
298.01968
298.01924
298.01882
298.0184
298.01799
298.0176
298.01721
298.01683
298.01646
298.0161
298.01575
299.12775
299.12494
299.1221
299.11922
299.1163
299.11333
299.11032
299.10726
299.10414
299.10097
299.09774
299.09444
298.96502
298.96382
298.96265
298.96149
298.96036
298.95924
298.95813
298.95703
298.95594
298.95485
298.95377
298.95268
298.95159
298.9505
298.9494
298.9483
298.94721
298.94614
298.94511
298.94413
298.9432
298.94235
298.94157
298.94091
298.94038
299.20674
299.20551
299.20442
299.20353
299.20287
299.20252
299.42704
299.42746
299.42786
299.42826
299.34286
299.34324
299.34348
299.02876
299.02905
298.68582
298.68568
298.37388
298.25216
298.13654
298.10516
298.10461
298.13434
298.14602
298.1535
298.15651
298.15641
298.15327
298.14651
298.13698
298.13691
298.12282
298.12275
298.10773
298.1076
298.10747
298.08759
298.08749
298.0874
298.08732
298.06994
298.06979
298.06964
298.06948
298.06932
298.06916
298.05066
298.05059
298.05053
298.05047
298.05041
298.05035
298.05027
298.05019
298.05011
298.05001
298.0499
298.04977
298.04964
298.0495
298.04935
298.04919
298.04902
298.04884
298.04866
298.04846
298.04826
298.04805
298.04783
298.0476
298.04736
298.02013
298.01968
298.01924
298.01882
298.0184
298.01799
298.0176
298.01721
298.01683
298.01646
298.0161
298.01575
299.12767
299.12487
299.12203
299.11915
299.11623
299.11327
299.11025
299.10719
299.10407
299.1009
299.09766
299.09436
298.96491
298.9637
298.96252
298.96136
298.96022
298.95909
298.95797
298.95686
298.95575
298.95466
298.95356
298.95246
298.95135
298.95024
298.94912
298.948
298.94689
298.94579
298.94473
298.94371
298.94274
298.94184
298.94102
298.9403
298.93972
299.20613
299.20484
299.2037
299.20273
299.20202
299.20161
299.20157
299.42753
299.42795
299.42835
299.34325
299.34365
299.3439
299.02966
299.02996
298.6862
298.68605
298.37398
298.25211
298.13644
298.10507
298.1046
298.12782
298.14865
298.15351
298.15653
298.15643
298.1533
298.14654
298.13703
298.13696
298.12284
298.12277
298.10777
298.10764
298.10751
298.08758
298.08749
298.0874
298.07011
298.06995
298.0698
298.06965
298.06949
298.06933
298.06917
298.05063
298.05057
298.05051
298.05045
298.05039
298.05033
298.05026
298.05018
298.05009
298.05
298.04989
298.04977
298.04964
298.04949
298.04934
298.04919
298.04902
298.04884
298.04865
298.04846
298.04826
298.04805
298.04783
298.0476
298.04736
298.02014
298.01969
298.01925
298.01882
298.0184
298.01799
298.0176
298.01721
298.01683
298.01646
298.0161
298.01575
299.12759
299.12479
299.12195
299.11907
299.11615
299.11319
299.11018
299.10711
299.104
299.10082
299.09758
299.09428
298.96479
298.96358
298.96239
298.96122
298.96006
298.95892
298.95779
298.95667
298.95556
298.95444
298.95333
298.95221
298.95109
298.94995
298.94882
298.94767
298.94653
298.94541
298.94431
298.94325
298.94224
298.94128
298.9404
298.93962
298.93898
298.93851
299.20411
299.20289
299.20185
299.20106
299.20059
299.20051
299.42761
299.42804
299.42846
299.42886
299.3441
299.34436
299.03066
299.03096
298.68663
298.68646
298.37409
298.25205
298.13634
298.10496
298.10458
298.12783
298.14866
298.15353
298.15656
298.15645
298.15334
298.14656
298.13708
298.13701
298.12286
298.12279
298.10781
298.10768
298.08768
298.08758
298.08748
298.08739
298.07012
298.06996
298.06981
298.06966
298.0695
298.06934
298.05066
298.0506
298.05054
298.05049
298.05043
298.05037
298.05031
298.05024
298.05017
298.05008
298.04998
298.04988
298.04976
298.04963
298.04949
298.04934
298.04918
298.04901
298.04884
298.04865
298.04846
298.04825
298.04804
298.04782
298.0476
298.04736
298.02014
298.01969
298.01925
298.01882
298.0184
298.01799
298.0176
298.01721
298.01683
298.01646
298.0161
298.01574
299.1275
299.1247
299.12186
299.11899
299.11607
299.11311
299.11009
299.10703
299.10391
299.10074
299.0975
298.9659
298.96466
298.96344
298.96224
298.96106
298.9599
298.95875
298.9576
298.95647
298.95534
298.95421
298.95308
298.95195
298.9508
298.94965
298.94849
298.94732
298.94615
298.94499
298.94386
298.94275
298.94169
298.94067
298.93973
298.93888
298.93816
298.93762
298.93731
299.202
299.20087
299.19999
299.19944
299.19931
299.4277
299.42814
299.42857
299.42898
299.34459
299.34487
299.03176
299.03207
298.68709
298.68691
298.37421
298.25199
298.13623
298.10484
298.10457
298.12784
298.14868
298.15355
298.15658
298.15647
298.15338
298.14659
298.13714
298.13706
298.12288
298.12281
298.10786
298.10773
298.08767
298.08757
298.08747
298.08738
298.07012
298.06997
298.06982
298.06966
298.06951
298.05069
298.05062
298.05056
298.05051
298.05046
298.05041
298.05035
298.05029
298.05023
298.05015
298.05007
298.04997
298.04986
298.04975
298.04962
298.04948
298.04933
298.04917
298.04901
298.04883
298.04865
298.04845
298.04825
298.04804
298.04782
298.04759
298.04736
298.04711
298.01969
298.01925
298.01882
298.0184
298.018
298.0176
298.01721
298.01683
298.01646
298.0161
298.01574
299.12739
299.1246
299.12176
299.11889
299.11598
299.11301
299.11
299.10694
299.10382
299.10065
299.09741
298.96577
298.96452
298.96329
298.96208
298.9609
298.95972
298.95856
298.95741
298.95626
298.95512
298.95397
298.95282
298.95167
298.95051
298.94933
298.94814
298.94695
298.94575
298.94455
298.94337
298.94222
298.9411
298.94002
298.939
298.93807
298.93727
298.93664
298.93624
299.20102
299.19979
299.19882
299.19818
299.19796
299.19828
299.42824
299.42868
299.42911
299.34514
299.34542
299.34553
299.03328
299.03322
298.6874
298.37434
298.25192
298.13611
298.10471
298.10455
298.12785
298.1487
298.15357
298.15661
298.15649
298.15343
298.14662
298.13719
298.12297
298.1229
298.10803
298.10791
298.10778
298.08766
298.08755
298.08746
298.07029
298.07013
298.06998
298.06982
298.06967
298.06952
298.05064
298.05058
298.05052
298.05047
298.05043
298.05038
298.05033
298.05027
298.05021
298.05013
298.05005
298.04996
298.04985
298.04974
298.04961
298.04947
298.04932
298.04917
298.049
298.04883
298.04864
298.04845
298.04825
298.04804
298.04782
298.04759
298.04735
298.04711
298.01969
298.01925
298.01882
298.0184
298.018
298.0176
298.01721
298.01683
298.01646
298.01609
298.01574
298.86673
298.86531
298.86388
298.86243
298.86097
298.85948
298.85798
298.85645
298.8549
298.85332
298.85171
298.66685
298.66373
298.66063
298.65754
298.65446
298.65139
298.64833
298.64526
298.64218
298.6391
298.63601
298.63291
298.6298
298.95019
298.94899
298.94778
298.94656
298.94532
298.94409
298.94286
298.94165
298.94047
298.93932
298.93822
298.9372
298.93629
298.93556
298.93507
298.93489
299.19863
299.19753
299.19678
299.19648
299.19674
299.42834
299.4288
299.42924
299.34572
299.34603
299.34614
299.03459
299.03452
298.68793
298.37448
298.25185
298.13598
298.10458
298.10454
298.12787
298.14872
298.15359
298.15664
298.15651
298.15347
298.14665
298.13726
298.12299
298.12292
298.10809
298.10796
298.10782
298.08764
298.08753
298.08744
298.07029
298.07013
298.06998
298.06983
298.06968
298.05066
298.05059
298.05053
298.05048
298.05044
298.0504
298.05035
298.0503
298.05025
298.05019
298.05012
298.05004
298.04994
298.04984
298.04973
298.0496
298.03975
298.03948
298.0392
298.03892
298.03864
298.03834
298.03805
298.03775
298.03744
298.03713
298.03681
298.03649
298.03616
298.00803
298.00773
298.00744
298.00715
298.00687
298.0066
298.00634
298.00609
298.00584
298.0056
298.00536
298.8666
298.86518
298.86375
298.86231
298.86085
298.85937
298.85787
298.85634
298.85479
298.85321
298.66972
298.66656
298.66342
298.66029
298.65718
298.65408
298.65097
298.64787
298.64477
298.64165
298.63852
298.63538
298.63223
298.62905
298.62587
298.62267
298.61949
298.61633
298.61323
298.61024
298.94233
298.94106
298.93981
298.93858
298.93739
298.93627
298.93525
298.9344
298.93378
298.93349
298.93364
299.19613
299.19525
299.19483
299.19502
299.42845
299.42892
299.42938
299.42983
299.34668
299.34681
299.03601
299.03593
298.68851
298.37462
298.37446
298.25155
298.10444
298.10453
298.12788
298.14875
298.15361
298.15667
298.15355
298.14671
298.14668
298.13732
298.12302
298.12294
298.10814
298.10801
298.08774
298.08762
298.08751
298.08742
298.07029
298.07013
298.06998
298.06983
298.05068
298.05059
298.05052
298.05047
298.05043
298.0504
298.05036
298.05032
298.05028
298.05023
298.05017
298.04126
298.04103
298.0408
298.04055
298.0403
298.04004
298.03977
298.0395
298.03922
298.03894
298.03865
298.03836
298.03806
298.03776
298.03745
298.03714
298.03682
298.03649
298.03616
298.03583
298.00773
298.00744
298.00715
298.00687
298.0066
298.00634
298.00609
298.00584
298.0056
298.00536
298.86646
298.86504
298.86362
298.86218
298.86072
298.85925
298.85775
298.85622
298.85468
298.8531
298.66944
298.66626
298.6631
298.65995
298.65681
298.65368
298.65055
298.64741
298.64426
298.64111
298.63793
298.63474
298.63152
298.62828
298.62502
298.62175
298.61847
298.61521
298.61199
298.60886
298.60587
298.60306
298.60053
298.9378
298.93651
298.93528
298.93414
298.93315
298.93239
298.93196
298.93198
299.19462
299.19358
299.19303
299.19312
299.194
299.42903
299.42951
299.42999
299.34738
299.34752
299.03753
299.03745
298.68913
298.37478
298.3746
298.25146
298.10429
298.09625
298.1279
298.14877
298.15588
298.15671
298.1536
298.14675
298.14671
298.13739
298.12304
298.12296
298.10819
298.10806
298.08771
298.08759
298.08748
298.07046
298.07029
298.07013
298.06998
298.06983
298.0506
298.05051
298.05045
298.05041
298.05038
298.05035
298.05032
298.05029
298.04191
298.04171
298.0415
298.04129
298.04106
298.04082
298.04057
298.04032
298.04005
298.03979
298.03951
298.03923
298.03895
298.03866
298.03837
298.03807
298.03777
298.03746
298.03714
298.03682
298.0365
298.03617
298.03583
298.00774
298.00744
298.00715
298.00687
298.0066
298.00634
298.00608
298.00583
298.00559
298.00536
298.86631
298.8649
298.86348
298.86204
298.86059
298.85912
298.85762
298.8561
298.85456
298.67239
298.66917
298.66597
298.66278
298.65961
298.65644
298.65328
298.65012
298.64694
298.64376
298.64056
298.63734
298.63409
298.63081
298.6275
298.62417
298.6208
298.61743
298.61405
298.61071
298.60743
298.60426
298.60127
298.59852
298.59612
298.9356
298.93424
298.93296
298.93182
298.93089
298.9303
298.93017
298.93067
299.19177
299.19105
299.19101
299.19184
299.42915
299.42965
299.43014
299.34813
299.34829
299.03917
299.03908
298.68979
298.68932
298.37475
298.25135
298.10413
298.09621
298.12793
298.1488
298.15589
298.15674
298.15366
298.14678
298.13752
298.13745
298.12306
298.12298
298.10825
298.10811
298.08768
298.08755
298.08745
298.07045
298.07028
298.07012
298.06997
298.05062
298.0505
298.05043
298.05038
298.05035
298.05032
298.0503
298.05028
298.04213
298.04194
298.04174
298.04153
298.04131
298.04108
298.04084
298.04059
298.04033
298.04007
298.0398
298.03953
298.03925
298.03896
298.03867
298.03838
298.03808
298.03777
298.03747
298.03715
298.03683
298.03651
298.03618
298.03584
298.0355
298.00744
298.00715
298.00687
298.0066
298.00634
298.00608
298.00583
298.00559
298.00535
298.86615
298.86475
298.86333
298.8619
298.86046
298.85899
298.8575
298.85598
298.85443
298.67214
298.6689
298.66567
298.66247
298.65927
298.65608
298.65288
298.64969
298.64648
298.64325
298.64001
298.63674
298.63343
298.63009
298.62672
298.6233
298.61985
298.61636
298.61287
298.60938
298.60594
298.60259
298.59938
298.5964
298.59374
298.59157
298.59005
298.93173
298.93041
298.92929
298.9285
298.92818
298.92854
299.18982
299.18889
299.18869
299.18945
299.42926
299.42978
299.43029
299.34893
299.34911
299.349
299.04082
298.69049
298.68999
298.37491
298.25124
298.10397
298.09617
298.12795
298.14883
298.1559
298.15678
298.15371
298.14681
298.13759
298.13752
298.12307
298.10843
298.1083
298.10816
298.08763
298.08751
298.08741
298.07043
298.07026
298.0701
298.06996
298.05051
298.0504
298.05033
298.05029
298.05027
298.05026
298.04252
298.04235
298.04217
298.04198
298.04178
298.04156
298.04134
298.0411
298.04086
298.04061
298.04035
298.04009
298.03982
298.03954
298.03926
298.03897
298.03868
298.03839
298.03809
298.03778
298.03747
298.03716
298.03684
298.03651
298.03618
298.03584
298.0355
298.00744
298.00715
298.00687
298.0066
298.00634
298.00608
298.00583
298.00559
298.00535
298.86598
298.86459
298.86318
298.86176
298.86032
298.85885
298.85736
298.85585
298.67517
298.67189
298.66862
298.66538
298.66215
298.65893
298.65571
298.65249
298.64926
298.64602
298.64275
298.63946
298.63614
298.63278
298.62938
298.62593
298.62243
298.61888
298.61529
298.61167
298.60803
298.60442
298.60086
298.59742
298.59417
298.59123
298.58876
298.58695
298.58608
298.92893
298.9276
298.92657
298.92602
298.92619
298.92731
299.18655
299.18615
299.18678
299.18871
299.4299
299.43044
299.43098
299.34999
299.34988
299.04268
298.69125
298.6907
298.37508
298.25113
298.13511
298.09613
298.12798
298.14886
298.15592
298.15664
298.15377
298.14684
298.13767
298.13759
298.12309
298.10849
298.10835
298.08774
298.08758
298.08745
298.0706
298.0704
298.07023
298.07008
298.05054
298.05038
298.05028
298.05022
298.0502
298.0502
298.04272
298.04257
298.0424
298.04221
298.04201
298.04181
298.04159
298.04136
298.04112
298.04088
298.04063
298.04037
298.0401
298.03983
298.03955
298.03927
298.03898
298.03869
298.0384
298.0381
298.03779
298.03748
298.03717
298.03684
298.03652
298.03619
298.03585
298.03551
298.03516
298.00715
298.00687
298.0066
298.00633
298.00608
298.00583
298.00558
298.00534
298.86581
298.86443
298.86303
298.86161
298.86017
298.85871
298.85723
298.85572
298.67494
298.67164
298.66836
298.6651
298.66184
298.6586
298.65535
298.6521
298.64884
298.64556
298.64226
298.63893
298.63556
298.63214
298.62868
298.62515
298.62157
298.61792
298.61422
298.61046
298.60667
298.60287
298.59909
298.5954
298.59186
298.58859
298.58577
298.58362
298.58244
298.58258
298.92581
298.92451
298.92369
298.92361
298.92457
299.18402
299.18335
299.18382
299.18575
299.43001
299.43057
299.43114
299.35092
299.35082
299.04467
299.0439
298.69146
298.37526
298.25102
298.13494
298.09609
298.12801
298.14889
298.15593
298.15667
298.15383
298.14688
298.13774
298.12319
298.1231
298.10854
298.10839
298.08768
298.08751
298.08739
298.07056
298.07036
298.07019
298.07005
298.05039
298.05023
298.05014
298.05011
298.0501
298.04291
298.04277
298.04261
298.04244
298.04225
298.04205
298.04184
298.04162
298.04139
298.04115
298.0409
298.04064
298.04038
298.04012
298.03984
298.03956
298.03928
298.03899
298.0387
298.0384
298.0381
298.0378
298.03749
298.03717
298.03685
298.03652
298.03619
298.03585
298.03551
298.03516
298.00715
298.00687
298.0066
298.00633
298.00607
298.00582
298.00558
298.00534
298.86563
298.86426
298.86286
298.86145
298.86002
298.85857
298.8571
298.67805
298.67471
298.67139
298.6681
298.66482
298.66154
298.65828
298.65501
298.65173
298.64844
298.64512
298.64178
298.63841
298.63499
298.63152
298.62799
298.62439
298.62072
298.61697
298.61315
298.60926
298.6053
298.6013
298.5973
298.59332
298.58946
298.58583
298.5826
298.58004
298.57847
298.57834
298.5801
298.92232
298.92117
298.92078
298.92152
298.92376
299.18029
299.18053
299.18242
299.43011
299.43069
299.43129
299.35192
299.35183
299.04678
299.04596
298.69228
298.37545
298.2509
298.13475
298.09605
298.12805
298.14893
298.15595
298.1567
298.15388
298.14691
298.13781
298.1232
298.1231
298.10858
298.10843
298.0876
298.08743
298.08731
298.07051
298.07031
298.07015
298.05046
298.05021
298.05006
298.04999
298.04998
298.04307
298.04296
298.04282
298.04266
298.04248
298.04229
298.04209
298.04187
298.04165
298.04141
298.04117
298.04092
298.04066
298.0404
298.04013
298.03985
298.03957
298.03929
298.039
298.03871
298.03841
298.03811
298.0378
298.03749
298.03718
298.03685
298.03653
298.0362
298.03586
298.03551
298.03516
298.0348
298.00687
298.00659
298.00633
298.00607
298.00582
298.00557
298.00533
298.57758
298.57395
298.57025
298.56649
298.56265
298.55872
298.55471
298.44721
298.44743
298.44767
298.44792
298.44818
298.44846
298.44874
298.44904
298.44935
298.44966
298.44999
298.45032
298.45066
298.451
298.45134
298.45168
298.62365
298.61989
298.61605
298.61211
298.60807
298.60395
298.59974
298.59548
298.59122
298.587
298.58296
298.57927
298.57621
298.57418
298.57367
298.57527
298.92001
298.91847
298.91769
298.91813
298.92027
299.17694
299.17686
299.17866
299.18274
299.4308
299.43143
299.35298
299.35291
299.04904
299.04817
298.69315
298.37565
298.25078
298.13456
298.09602
298.12809
298.14896
298.15596
298.15672
298.15394
298.14694
298.13788
298.1232
298.12311
298.10862
298.10847
298.08751
298.08733
298.0707
298.07044
298.07024
298.07009
298.05026
298.05
298.04987
298.04982
298.04984
298.04312
298.04301
298.04287
298.04271
298.04253
298.04233
298.04212
298.0419
298.04167
298.04143
298.04119
298.04093
298.04068
298.04041
298.04014
298.03986
298.03321
298.03306
298.0329
298.03274
298.03257
298.0324
298.03222
298.03203
298.03183
298.03163
298.03142
298.03121
298.03098
298.03075
298.03052
298.03027
298.0031
298.00254
298.002
298.00147
298.00096
298.00046
297.99997
298.57744
298.57381
298.57011
298.56634
298.56249
298.55857
298.44696
298.44717
298.44739
298.44763
298.44787
298.44813
298.44841
298.44869
298.44899
298.44929
298.4496
298.44993
298.45026
298.45059
298.45093
298.45126
298.45159
298.45192
298.45223
298.45252
298.45278
298.453
298.45317
298.59819
298.59368
298.58909
298.5845
298.58
298.57579
298.57215
298.56952
298.56852
298.56987
298.57424
298.91559
298.91434
298.91438
298.91633
298.92069
299.17279
299.17441
299.17873
299.43088
299.43154
299.43226
299.35407
299.35351
299.05053
298.69409
298.37587
298.25065
298.13437
298.09598
298.12813
298.149
298.15598
298.15675
298.154
298.14697
298.13795
298.1232
298.10882
298.10865
298.08766
298.0874
298.08722
298.07061
298.07035
298.07016
298.05046
298.05002
298.04976
298.04965
298.04964
298.04325
298.04317
298.04306
298.04292
298.04276
298.04257
298.04237
298.04216
298.04193
298.0417
298.04146
298.03397
298.03385
298.03372
298.0336
298.03347
298.03334
298.0332
298.03305
298.0329
298.03274
298.03257
298.0324
298.03221
298.03203
298.03183
298.03163
298.03142
298.03121
298.03098
298.03075
298.03051
298.03027
298.03002
298.00254
298.002
298.00147
298.00096
298.00046
297.99997
298.57729
298.57366
298.56997
298.5662
298.56235
298.55841
298.44692
298.44713
298.44735
298.44758
298.44782
298.44808
298.44835
298.44863
298.44893
298.44923
298.44954
298.44986
298.45019
298.45052
298.45085
298.45118
298.45151
298.45183
298.45214
298.45242
298.45268
298.45289
298.45304
298.45311
298.45309
298.45294
298.58197
298.57698
298.57217
298.56785
298.5645
298.56285
298.5638
298.56828
298.57677
298.91071
298.91023
298.91189
298.91638
299.16826
299.16958
299.17412
299.43094
299.43163
299.43239
299.35532
299.35473
299.05307
298.6951
298.3761
298.25054
298.13417
298.09595
298.12818
298.14904
298.15599
298.15678
298.15406
298.14699
298.13801
298.12319
298.10885
298.10868
298.08754
298.08726
298.08709
298.07051
298.07024
298.07006
298.05021
298.04974
298.04949
298.04941
298.04332
298.04329
298.04323
298.04312
298.04298
298.04281
298.04262
298.04241
298.04219
298.03433
298.03419
298.03406
298.03393
298.03382
298.0337
298.03358
298.03345
298.03332
298.03319
298.03304
298.03289
298.03273
298.03256
298.03239
298.03221
298.03203
298.03183
298.03163
298.03142
298.03121
298.03098
298.03075
298.03051
298.03027
298.03001
298.00255
298.002
298.00147
298.00096
298.00045
297.99996
298.57715
298.57352
298.56982
298.56605
298.5622
298.44669
298.44688
298.44708
298.4473
298.44753
298.44777
298.44803
298.4483
298.44857
298.44886
298.44916
298.44947
298.44979
298.45011
298.45044
298.45077
298.4511
298.45143
298.45175
298.45205
298.45233
298.45258
298.45278
298.45292
298.45298
298.45292
298.45271
298.4523
298.57391
298.56844
298.56333
298.55911
298.5566
298.55697
298.56146
298.57084
298.90679
298.90564
298.90688
298.91145
298.9197
299.16407
299.16877
299.17778
299.43168
299.4325
299.35666
299.35605
299.0558
298.69619
298.37635
298.25042
298.13397
298.09592
298.12823
298.14909
298.15601
298.1568
298.15411
298.14702
298.13808
298.12318
298.10888
298.10869
298.0874
298.0871
298.07077
298.07037
298.0701
298.05069
298.04991
298.04941
298.04917
298.04914
298.04334
298.04334
298.04329
298.04318
298.04304
298.04286
298.04266
298.04245
298.03445
298.03427
298.03413
298.03401
298.0339
298.03379
298.03367
298.03356
298.03344
298.03331
298.03317
298.03303
298.03288
298.03272
298.03256
298.03239
298.03221
298.03202
298.03183
298.03163
298.03142
298.0312
298.03098
298.03075
298.03051
298.03027
298.03001
298.02975
298.002
298.00147
298.00095
298.00045
297.99996
298.577
298.57337
298.56968
298.56591
298.44646
298.44664
298.44683
298.44703
298.44724
298.44747
298.44772
298.44797
298.44823
298.44851
298.4488
298.4491
298.4494
298.44972
298.45004
298.45036
298.45069
298.45102
298.45134
298.45166
298.45196
298.45224
298.45249
298.45269
298.45283
298.45287
298.45279
298.45253
298.45203
298.45122
298.45008
298.55862
298.55334
298.54973
298.54925
298.5536
298.56396
298.5799
298.90056
298.9012
298.9058
298.91485
299.15777
299.16253
299.17271
299.43169
299.43256
299.35811
299.35749
299.05876
298.69738
298.69591
298.37611
298.13376
298.09589
298.12828
298.14913
298.15602
298.15683
298.14708
298.13823
298.13814
298.12315
298.10889
298.1087
298.08722
298.08691
298.07063
298.0702
298.06994
298.05045
298.04955
298.04901
298.04881
298.0433
298.04337
298.04339
298.04336
298.04325
298.0431
298.04292
298.03489
298.03459
298.03437
298.0342
298.03407
298.03396
298.03385
298.03375
298.03365
298.03354
298.03342
298.03329
298.03316
298.03302
298.03287
298.03272
298.03255
298.03238
298.0322
298.03202
298.03183
298.03163
298.03142
298.0312
298.03098
298.03075
298.03051
298.03027
298.03001
298.02975
298.02948
298.00147
298.00095
298.00044
297.99995
298.57685
298.57323
298.56954
298.56577
298.44642
298.44659
298.44678
298.44698
298.44719
298.44742
298.44766
298.44791
298.44817
298.44845
298.44873
298.44903
298.44933
298.44964
298.44996
298.45029
298.45061
298.45094
298.45126
298.45158
298.45188
298.45216
298.45241
298.45262
298.45276
298.4528
298.45271
298.45241
298.45183
298.45086
298.44942
298.4475
298.54722
298.54221
298.54052
298.54448
298.55593
298.57444
298.59693
298.89475
298.8993
298.9093
299.15052
299.15517
299.16674
299.43164
299.43257
299.35969
299.35906
299.06197
299.0592
298.69707
298.37636
298.13355
298.09587
298.12834
298.14918
298.15604
298.15685
298.14711
298.13829
298.12327
298.12312
298.10889
298.10869
298.08701
298.08668
298.07045
298.06999
298.06975
298.05015
298.04912
298.04855
298.04317
298.04328
298.0434
298.04346
298.04343
298.04333
298.04317
298.03521
298.0348
298.0345
298.03428
298.03412
298.034
298.0339
298.03381
298.03371
298.03361
298.03351
298.0334
298.03328
298.03315
298.03301
298.03286
298.03271
298.03255
298.03238
298.0322
298.03202
298.03182
298.03162
298.03142
298.0312
298.03098
298.03075
298.03051
298.03026
298.03001
298.02975
298.02948
298.00146
298.00095
298.00044
297.99994
298.5767
298.57308
298.5694
298.44621
298.44637
298.44654
298.44672
298.44692
298.44713
298.44736
298.44759
298.44784
298.4481
298.44838
298.44866
298.44895
298.44925
298.44956
298.44988
298.4502
298.45053
298.45086
298.45118
298.4515
298.4518
298.45209
298.45234
298.45256
298.45271
298.45276
298.45267
298.45237
298.45174
298.45063
298.44889
298.44641
298.44338
298.53402
298.53062
298.5338
298.54643
298.56817
298.59472
298.88739
298.89176
298.90296
298.91929
299.14642
299.15962
299.18021
299.43252
299.43379
299.36079
299.06549
299.06245
298.69834
298.37663
298.13334
298.09585
298.1284
298.14922
298.15606
298.15688
298.14713
298.13835
298.12324
298.12307
298.10887
298.08736
298.08675
298.07099
298.07023
298.06974
298.05136
298.04979
298.04858
298.04799
298.04304
298.04325
298.04345
298.04355
298.04353
298.04341
298.03572
298.03514
298.03469
298.03438
298.03417
298.03403
298.03392
298.03384
298.03375
298.03367
298.03358
298.03348
298.03338
298.03326
298.03313
298.033
298.03285
298.0327
298.03254
298.03237
298.0322
298.03201
298.03182
298.03162
298.03141
298.0312
298.03098
298.03075
298.03051
298.03026
298.03001
298.02975
298.02948
298.0292
298.00094
298.00043
297.99994
298.57655
298.57294
298.56926
298.44616
298.44631
298.44648
298.44666
298.44686
298.44707
298.44729
298.44753
298.44777
298.44803
298.4483
298.44858
298.44888
298.44918
298.44948
298.4498
298.45012
298.45044
298.45077
298.4511
298.45141
298.45172
298.45202
298.45228
298.45251
298.45268
298.45276
298.4527
298.45241
298.45177
298.45057
298.44855
298.44548
298.44141
298.43701
298.5194
298.52121
298.53506
298.56089
298.59258
298.6225
298.88295
298.89572
298.91435
299.13588
299.15102
299.17601
299.43237
299.43381
299.36271
299.06935
299.06603
298.69975
298.37693
298.13313
298.10184
298.12846
298.14927
298.15607
298.1569
298.14714
298.13841
298.12319
298.12301
298.10884
298.08713
298.08643
298.07082
298.06995
298.06942
298.05126
298.04937
298.04792
298.04272
298.04288
298.04322
298.04351
298.04366
298.04364
298.03647
298.0357
298.03504
298.03455
298.03423
298.03404
298.03392
298.03383
298.03377
298.0337
298.03363
298.03355
298.03346
298.03335
298.03324
298.03312
298.03298
298.03284
298.03269
298.03253
298.03237
298.03219
298.03201
298.03182
298.03162
298.03141
298.0312
298.03097
298.03074
298.03051
298.03026
298.03001
298.02975
298.02948
298.0292
298.00093
298.00043
297.99993
298.40753
298.40854
298.25673
298.25391
298.25108
298.24825
298.24541
298.24257
298.23971
298.23684
298.23395
298.23104
298.2281
298.22515
298.22217
298.21917
298.21615
298.21314
298.44971
298.45003
298.45036
298.45068
298.45101
298.45133
298.45165
298.45195
298.45223
298.45248
298.45268
298.4528
298.45278
298.45255
298.45195
298.45071
298.44847
298.44481
298.43956
298.43327
298.42796
298.50622
298.5213
298.5524
298.59063
298.62554
298.87254
298.88749
298.90894
299.12302
299.14048
299.17135
299.43212
299.43375
299.36485
299.36269
299.07
298.70133
298.37727
298.24929
298.10163
298.12853
298.14933
298.15727
298.15442
298.14715
298.13846
298.12313
298.10909
298.10878
298.08685
298.08604
298.07061
298.0696
298.06903
298.05118
298.04885
298.0471
298.04235
298.04269
298.0432
298.04361
298.0438
298.03748
298.03657
298.03565
298.03489
298.03437
298.03406
298.03388
298.03379
298.03374
298.03369
298.03364
298.03358
298.03351
298.03343
298.03333
298.03322
298.0331
298.03297
298.03283
298.03268
298.03252
298.0195
298.0193
298.0191
298.01888
298.01865
298.01842
298.01817
298.01792
298.01765
298.01738
298.01709
298.0168
298.0165
298.01618
298.01586
298.01552
297.99164
297.9912
298.40745
298.40846
298.2563
298.25343
298.25056
298.24769
298.24481
298.24191
298.239
298.23606
298.2331
298.23011
298.22708
298.22402
298.22093
298.2178
298.21463
298.21144
298.20824
298.20505
298.20192
298.19889
298.19607
298.1936
298.19169
298.19064
298.19088
298.45247
298.4527
298.45287
298.45293
298.45279
298.45228
298.45111
298.44874
298.44452
298.43797
298.4294
298.42082
298.48825
298.50443
298.54249
298.589
298.63001
298.86005
298.87822
298.90319
298.92841
299.12735
299.16632
299.43172
299.43358
299.36725
299.36487
299.07445
298.7031
298.37766
298.24918
298.10142
298.12861
298.14938
298.15732
298.15447
298.14716
298.1385
298.12304
298.10904
298.10869
298.0865
298.08555
298.07036
298.06916
298.05361
298.05112
298.04822
298.04604
298.04186
298.04246
298.0432
298.04376
298.04398
298.0378
298.03666
298.03556
298.03469
298.03414
298.03384
298.03371
298.03366
298.03364
298.03362
298.03358
298.03354
298.02103
298.0208
298.02061
298.02044
298.02028
298.02012
298.01996
298.01979
298.01962
298.01944
298.01925
298.01905
298.01883
298.01861
298.01838
298.01814
298.01789
298.01763
298.01735
298.01707
298.01678
298.01648
298.01616
298.01584
298.01551
297.99164
297.9912
298.40736
298.25877
298.25587
298.25297
298.25006
298.24715
298.24422
298.24127
298.2383
298.2353
298.23227
298.2292
298.22608
298.22292
298.21971
298.21644
298.21312
298.20975
298.20633
298.2029
298.19947
298.19611
298.19289
298.18997
298.18755
298.18596
298.18567
298.18734
298.19177
298.19976
298.45313
298.45312
298.45279
298.45179
298.44943
298.44474
298.43683
298.42559
298.41271
298.40508
298.48353
298.53097
298.58781
298.63633
298.66583
298.86801
298.89733
298.92321
299.11069
299.16112
299.43112
299.43328
299.36996
299.36735
299.07948
298.70512
298.3781
298.24909
298.10121
298.12869
298.14944
298.15736
298.15453
298.14716
298.13854
298.12294
298.10896
298.10857
298.08606
298.08494
298.07007
298.06862
298.05404
298.05113
298.04748
298.04126
298.04124
298.04222
298.04323
298.04396
298.03925
298.03816
298.03673
298.03541
298.03443
298.03385
298.03359
298.03351
298.03351
298.03353
298.02194
298.02143
298.02107
298.0208
298.02059
298.02043
298.02028
298.02014
298.02
298.01986
298.01971
298.01955
298.01937
298.01919
298.01899
298.01879
298.01857
298.01834
298.01811
298.01786
298.0176
298.01733
298.01705
298.01676
298.01646
298.01615
298.01582
298.01549
298.01515
297.9912
298.40727
298.25839
298.25546
298.25252
298.24958
298.24662
298.24365
298.24065
298.23762
298.23456
298.23146
298.22831
298.2251
298.22184
298.21851
298.2151
298.21162
298.20807
298.20444
298.20074
298.19701
298.19328
298.18963
298.18619
298.18318
298.18093
298.17998
298.18107
298.18521
298.19349
298.20676
298.22506
298.45347
298.45279
298.45065
298.44564
298.43635
298.42214
298.40386
298.38878
298.40038
298.51796
298.58709
298.64478
298.67634
298.85728
298.89176
298.91625
299.0892
299.15632
299.21717
299.43279
299.43644
299.37019
299.08523
298.70744
298.3786
298.24903
298.101
298.12877
298.1495
298.15741
298.15458
298.14716
298.13857
298.12281
298.10884
298.08767
298.08551
298.07167
298.06976
298.06794
298.05464
298.05124
298.04664
298.04012
298.04045
298.04197
298.04331
298.04015
298.04004
298.03856
298.03677
298.0352
298.03407
298.03348
298.03329
298.0333
298.02317
298.02229
298.02161
298.02112
298.02077
298.02054
298.02037
298.02024
298.02012
298.02001
298.01989
298.01976
298.01962
298.01947
298.01931
298.01913
298.01894
298.01874
298.01853
298.01831
298.01807
298.01783
298.01757
298.0173
298.01702
298.01674
298.01644
298.01613
298.0158
298.01547
298.01513
297.9912
298.26098
298.25802
298.25506
298.25209
298.24911
298.24611
298.2431
298.24005
298.23697
298.23385
298.23068
298.22745
298.22415
298.22079
298.21734
298.2138
298.21016
298.20641
298.20256
298.1986
298.19454
298.19042
298.1863
298.18229
298.1786
298.17557
298.17377
298.17407
298.17769
298.18609
298.20052
298.22134
298.24721
298.27451
298.45247
298.44739
298.43674
298.41945
298.39489
298.36836
298.37862
298.50422
298.5866
298.65494
298.69008
298.69303
298.88706
298.90653
298.94221
299.15309
299.22742
299.43206
299.43671
299.37349
299.09189
298.71014
298.37919
298.249
298.10079
298.12039
298.15222
298.15745
298.15463
298.14715
298.13858
298.12264
298.10867
298.0876
298.08481
298.07159
298.06944
298.05709
298.05545
298.05149
298.04229
298.03849
298.03956
298.04176
298.04342
298.04114
298.04104
298.03897
298.03676
298.03489
298.03361
298.03304
298.02521
298.02399
298.02287
298.02194
298.02124
298.02076
298.02045
298.02026
298.02013
298.02004
298.01995
298.01986
298.01977
298.01966
298.01953
298.01939
298.01924
298.01907
298.01889
298.01869
298.01849
298.01827
298.01804
298.01779
298.01754
298.01728
298.017
298.01671
298.01641
298.01611
298.01579
298.01546
298.01511
298.01476
298.26065
298.25766
298.25467
298.25167
298.24866
298.24563
298.24257
298.23947
298.23634
298.23316
298.22992
298.22661
298.22323
298.21977
298.2162
298.21253
298.20873
298.20479
298.20071
298.19647
298.19208
298.18755
298.18293
298.1783
298.17384
298.1699
298.16706
298.16629
298.16907
298.17732
298.19285
298.21645
298.24687
298.28013
298.30823
298.45017
298.43822
298.41795
298.38707
298.34388
298.35216
298.43037
298.58586
298.66407
298.70792
298.69698
298.88392
298.89276
298.92886
299.1535
299.24283
299.43101
299.43708
299.37737
299.09971
298.71331
298.37988
298.24902
298.10057
298.12053
298.15225
298.1575
298.15467
298.14713
298.13859
298.12242
298.10844
298.0876
298.08392
298.07145
298.06918
298.05783
298.05649
298.05186
298.04197
298.03624
298.03878
298.04163
298.03964
298.04234
298.04225
298.03932
298.03666
298.03448
298.03302
298.02631
298.02504
298.02374
298.02252
298.02153
298.02081
298.02036
298.0201
298.01996
298.01988
298.01983
298.01978
298.01972
298.01964
298.01955
298.01944
298.01931
298.01917
298.01901
298.01883
298.01865
298.01844
298.01823
298.018
298.01776
298.01751
298.01725
298.01697
298.01669
298.01639
298.01609
298.01577
298.01544
298.0151
298.01474
298.26033
298.25732
298.25431
298.25128
298.24823
298.24516
298.24206
298.23892
298.23574
298.2325
298.22919
298.22582
298.22235
298.21878
298.21511
298.2113
298.20734
298.20321
298.1989
298.19439
298.18966
298.1847
298.17954
298.17424
298.16894
298.16394
298.15983
298.15767
298.15921
298.16692
298.18339
298.21
298.24567
298.28631
298.32251
298.33614
298.44084
298.418
298.3824
298.32052
298.32739
298.42457
298.58444
298.66629
298.71584
298.6984
298.88315
298.87567
298.91315
299.16026
299.265
299.42955
299.43767
299.38198
299.10906
299.092
298.3807
298.2491
298.10036
298.12067
298.15229
298.15754
298.15472
298.1471
298.12285
298.12215
298.10813
298.08777
298.08278
298.0712
298.06905
298.05851
298.05766
298.05228
298.04204
298.03523
298.03859
298.04163
298.03986
298.04346
298.04342
298.03949
298.03647
298.03396
298.0274
298.02617
298.02487
298.02346
298.02212
298.02105
298.02032
298.01991
298.01972
298.01964
298.01962
298.01962
298.0196
298.01957
298.01952
298.01944
298.01935
298.01923
298.0191
298.01895
298.01878
298.0186
298.0184
298.01819
298.01797
298.01773
298.01748
298.01722
298.01695
298.01667
298.01637
298.01607
298.01575
298.01542
298.01508
298.01473
298.26003
298.257
298.25396
298.2509
298.24782
298.24472
298.24158
298.2384
298.23516
298.23187
298.2285
298.22505
298.22151
298.21785
298.21405
298.21011
298.206
298.20169
298.19715
298.19236
298.18728
298.18189
298.17618
298.17016
298.16393
298.15774
298.15212
298.14819
298.14796
298.15459
298.17172
298.20151
298.24306
298.29251
298.34027
298.35763
298.33365
298.4197
298.38261
298.31828
298.32633
298.42349
298.51257
298.65941
298.69797
298.69719
298.72483
298.86949
298.91095
299.17477
299.29556
299.42772
299.43869
299.38752
299.12043
299.09946
298.7125
298.24925
298.10014
298.12082
298.15233
298.15759
298.15476
298.13878
298.12266
298.12179
298.10772
298.08824
298.08142
298.07069
298.06911
298.05879
298.05816
298.04859
298.04254
298.03764
298.03918
298.0374
298.03986
298.04349
298.04351
298.03939
298.03617
298.02889
298.02715
298.02605
298.0247
298.02313
298.02165
298.02049
298.01976
298.01941
298.0193
298.01931
298.01935
298.0194
298.01942
298.01942
298.01939
298.01934
298.01926
298.01916
298.01903
298.01889
298.01873
298.01855
298.01836
298.01815
298.01793
298.0177
298.01745
298.01719
298.01692
298.01664
298.01635
298.01605
298.01573
298.0154
298.01506
298.01471
298.25975
298.25669
298.25362
298.25054
298.24743
298.2443
298.24112
298.2379
298.23462
298.23127
298.22785
298.22433
298.2207
298.21695
298.21306
298.20899
298.20472
298.20023
298.19547
298.19041
298.18498
298.17916
298.17288
298.16612
298.1589
298.15138
298.14401
298.13787
298.13521
298.14002
298.15734
298.19043
298.23834
298.29756
298.3613
298.3856
298.34537
298.30794
298.38773
298.34004
298.34949
298.42704
298.50723
298.64889
298.68316
298.69409
298.72242
298.88782
298.93321
299.08451
299.33444
299.3345
299.44039
299.39422
299.3777
299.10822
298.71622
298.2495
298.09993
298.12098
298.15237
298.15763
298.1548
298.13876
298.12243
298.10917
298.10718
298.08917
298.07371
298.06972
298.06005
298.05857
298.05748
298.04856
298.04322
298.03963
298.04011
298.03745
298.03964
298.04238
298.04234
298.03902
298.03148
298.02854
298.0269
298.02597
298.02452
298.02276
298.02109
298.01984
298.01912
298.01886
298.01885
298.01895
298.01908
298.01918
298.01925
298.01928
298.01927
298.01924
298.01917
298.01908
298.01896
298.01883
298.01867
298.0185
298.01831
298.01811
298.01789
298.01766
298.01742
298.01717
298.0169
298.01662
298.01633
298.01602
298.01571
298.01538
298.01505
298.0147
298.25948
298.2564
298.25331
298.2502
298.24707
298.2439
298.24069
298.23743
298.23411
298.23071
298.22723
298.22365
298.21995
298.21611
298.21211
298.20793
298.20352
298.19885
298.19388
298.18855
298.18279
298.17653
298.16968
298.16216
298.1539
298.14495
298.13559
298.12677
298.12089
298.12285
298.13971
298.1762
298.23073
298.29952
298.38234
298.42045
298.35442
298.31098
298.28486
298.36446
298.37453
298.43317
298.50147
298.56542
298.67225
298.6899
298.71717
298.91082
298.9613
299.10024
299.35943
299.34369
299.44297
299.40227
299.38122
299.11851
298.72074
298.24988
298.09972
298.12114
298.15241
298.15768
298.15483
298.13872
298.12215
298.10914
298.10646
298.09073
298.07417
298.06904
298.06022
298.05823
298.05669
298.04828
298.04385
298.04106
298.03606
298.03747
298.03929
298.04116
298.04102
298.03484
298.03103
298.02821
298.02668
298.02593
298.02431
298.02232
298.02044
298.01907
298.01838
298.01824
298.01838
298.01859
298.0188
298.01896
298.01907
298.01913
298.01915
298.01913
298.01908
298.019
298.0189
298.01877
298.01862
298.01845
298.01827
298.01807
298.01786
298.01763
298.01739
298.01714
298.01687
298.01659
298.01631
298.016
298.01569
298.01537
298.01503
298.01468
298.1783
298.18028
298.18227
298.18428
298.1863
298.18833
298.19036
298.19241
298.19446
298.1965
298.19853
298.20055
298.20252
298.20442
298.20623
298.20788
298.20932
298.21045
298.21112
298.21115
298.21028
298.20815
298.20431
298.19823
298.18934
298.17718
298.12704
298.11507
298.105
298.10271
298.11818
298.15831
298.21961
298.29615
298.39208
298.44555
298.35726
298.31212
298.28663
298.38473
298.39487
298.43977
298.49614
298.54784
298.66401
298.68512
298.71044
298.93007
298.98354
299.10449
299.33508
299.34348
299.44635
299.45202
299.38521
299.13047
298.72634
298.25044
298.09951
298.12131
298.15245
298.15773
298.15486
298.13865
298.12181
298.10918
298.09569
298.09285
298.07566
298.07056
298.0601
298.05793
298.05612
298.04789
298.04433
298.04207
298.0363
298.03745
298.03888
298.04013
298.0399
298.03388
298.03055
298.02794
298.02656
298.02586
298.02403
298.0218
298.01967
298.01816
298.01754
298.01757
298.01788
298.01823
298.02235
298.02306
298.02354
298.02382
298.02394
298.02394
298.02385
298.02369
298.02348
298.02324
298.02297
298.02269
298.02239
298.02208
298.02177
298.02145
298.02112
298.0208
298.02046
298.02013
298.01979
298.01945
298.0191
298.01875
298.0184
298.01804
298.17863
298.18065
298.18267
298.18472
298.18678
298.18886
298.19095
298.19305
298.19517
298.1973
298.19943
298.20154
298.20364
298.20568
298.20765
298.2095
298.21115
298.21252
298.21346
298.21377
298.21316
298.21123
298.20744
298.2011
298.19143
298.17769
298.15944
298.13708
298.11321
298.09572
298.09205
298.13643
298.20478
298.28619
298.37884
298.41827
298.35217
298.31096
298.28744
298.27469
298.41045
298.44567
298.49158
298.53358
298.55685
298.68013
298.70332
298.72425
298.99833
299.09919
299.31206
299.3397
299.44945
299.45408
299.3908
299.14362
298.73337
298.25122
298.0993
298.12149
298.15249
298.15778
298.15488
298.13854
298.12146
298.10929
298.09684
298.09485
298.07747
298.07229
298.05975
298.05765
298.05005
298.04748
298.04465
298.03594
298.03647
298.03739
298.03849
298.03931
298.0354
298.03294
298.03008
298.02774
298.02649
298.02564
298.02366
298.02119
298.01876
298.01708
298.01761
298.01878
298.0202
298.02152
298.02259
298.02337
298.02389
298.02417
298.02428
298.02425
298.02413
298.02394
298.0237
298.02344
298.02315
298.02284
298.02253
298.02221
298.02188
298.02155
298.02122
298.02088
298.02054
298.0202
298.01985
298.01951
298.01916
298.0188
298.01844
298.01808
298.17895
298.181
298.18306
298.18514
298.18725
298.18937
298.19152
298.19369
298.19588
298.19809
298.20031
298.20254
298.20477
298.20697
298.20912
298.21117
298.21307
298.21472
298.21598
298.21665
298.21641
298.21481
298.21123
298.20481
298.19452
298.17928
298.15817
298.13093
298.09934
298.07187
298.07082
298.11321
298.18677
298.27047
298.3514
298.38032
298.34106
298.30759
298.28709
298.27561
298.42223
298.45047
298.48779
298.52215
298.54243
298.6752
298.69638
298.71376
299.00696
299.08923
299.29813
299.33486
299.45013
299.45557
299.4016
299.15561
298.7423
298.25233
298.0991
298.12168
298.15254
298.15783
298.15489
298.13838
298.12121
298.10932
298.09732
298.09518
298.07877
298.07362
298.05929
298.05737
298.04909
298.0471
298.04485
298.03612
298.03657
298.03731
298.03814
298.03865
298.03412
298.03208
298.02963
298.02756
298.02632
298.02526
298.0232
298.0205
298.01741
298.01626
298.01674
298.01833
298.02011
298.02168
298.0229
298.02376
298.02429
298.02457
298.02464
298.02458
298.02442
298.0242
298.02393
298.02364
298.02332
298.023
298.02267
298.02233
298.02199
298.02165
298.02131
298.02096
298.02061
298.02027
298.01992
298.01956
298.01921
298.01885
298.01849
298.01812
298.17926
298.18134
298.18344
298.18556
298.1877
298.18988
298.19208
298.19431
298.19658
298.19887
298.2012
298.20354
298.2059
298.20826
298.2106
298.21289
298.21506
298.21704
298.21868
298.21979
298.22004
298.21893
298.21576
298.20949
298.19881
298.18224
298.15831
298.12593
298.08537
298.04414
298.03489
298.08603
298.16517
298.2514
298.32201
298.34802
298.32721
298.30252
298.28564
298.27565
298.27047
298.45418
298.48465
298.51298
298.53071
298.67051
298.68993
298.70494
299.01121
299.07803
299.13856
299.32862
299.4495
299.45705
299.42688
299.15941
298.75354
298.38756
298.13008
298.12187
298.15259
298.15714
298.14682
298.13815
298.12142
298.10875
298.0975
298.09453
298.07936
298.0602
298.05881
298.0571
298.04834
298.04675
298.04495
298.03625
298.03663
298.03722
298.03782
298.03379
298.03304
298.03131
298.0292
298.02735
298.02607
298.0248
298.02267
298.01887
298.01647
298.0149
298.01569
298.01788
298.02009
298.02192
298.02329
298.02422
298.02476
298.02501
298.02505
298.02494
298.02473
298.02447
298.02416
298.02384
298.0235
298.02316
298.02281
298.02245
298.0221
298.02175
298.02139
298.02104
298.02069
298.02033
298.01997
298.01962
298.01926
298.01889
298.01853
298.01816
298.17956
298.18166
298.18379
298.18595
298.18814
298.19036
298.19262
298.19492
298.19726
298.19964
298.20207
298.20453
298.20703
298.20957
298.21211
298.21464
298.21712
298.21946
298.22154
298.22318
298.22404
298.22361
298.22109
298.21526
298.20452
298.1869
298.16037
298.12291
298.07268
298.01306
297.99055
298.0578
298.14635
298.22802
298.29533
298.32146
298.31297
298.29636
298.28328
298.27494
298.27029
298.26797
298.48201
298.50555
298.52107
298.52633
298.68406
298.69743
298.70351
299.06719
299.11406
299.32118
299.35782
299.45808
299.4604
299.14351
298.76669
298.39041
298.13002
298.12207
298.15264
298.15714
298.14666
298.13786
298.12275
298.10756
298.09759
298.08529
298.07943
298.05948
298.05835
298.04833
298.04773
298.04645
298.03618
298.03634
298.03666
298.03712
298.0328
298.03285
298.03211
298.03062
298.02879
298.02711
298.02577
298.02434
298.02065
298.01833
298.01549
298.01318
298.01447
298.01748
298.02016
298.02227
298.02379
298.02477
298.0253
298.02551
298.02548
298.02531
298.02506
298.02474
298.0244
298.02405
298.02368
298.02331
298.02294
298.02258
298.02221
298.02184
298.02148
298.02112
298.02076
298.02039
298.02003
298.01967
298.0193
298.01894
298.01857
298.0182
298.17984
298.18197
298.18414
298.18633
298.18856
298.19083
298.19315
298.19551
298.19792
298.20039
298.20292
298.20551
298.20815
298.21086
298.21362
298.21642
298.21921
298.22196
298.22455
298.2268
298.22841
298.22886
298.22726
298.22225
298.21184
298.19357
298.16482
298.12278
298.06343
297.98175
297.93586
298.0327
298.13012
298.20946
298.26816
298.29961
298.29951
298.28967
298.28023
298.27365
298.26971
298.26764
298.47973
298.49946
298.51303
298.51853
298.6788
298.69098
298.69712
299.05728
299.09479
299.3133
299.34211
299.4579
299.40256
299.10862
298.77673
298.39397
298.13004
298.12227
298.15269
298.15713
298.14648
298.13757
298.12542
298.11036
298.09741
298.08345
298.07921
298.05889
298.05793
298.04776
298.04723
298.04618
298.03626
298.0364
298.03666
298.03701
298.0321
298.03203
298.03132
298.03
298.02839
298.02683
298.02545
298.02179
298.02023
298.0179
298.01461
298.01099
298.01322
298.01722
298.02038
298.02275
298.02441
298.02542
298.02593
298.02606
298.02596
298.02572
298.02539
298.02503
298.02464
298.02425
298.02386
298.02347
298.02308
298.02269
298.02231
298.02194
298.02156
298.02119
298.02082
298.02045
298.02009
298.01972
298.01935
298.01898
298.01861
298.01823
298.1801
298.18227
298.18446
298.18669
298.18896
298.19128
298.19365
298.19608
298.19856
298.20112
298.20375
298.20646
298.20926
298.21214
298.21513
298.2182
298.22134
298.22452
298.22766
298.23062
298.23312
298.23465
298.23431
298.23055
298.22099
298.20258
298.17212
298.12643
298.06027
297.96016
297.87475
298.01728
298.11838
298.19391
298.24754
298.27506
298.2873
298.28288
298.27676
298.27192
298.26881
298.26712
298.47773
298.49437
298.50626
298.5117
298.67414
298.6854
298.69156
299.04843
299.07924
299.30562
299.32911
299.45667
299.36081
299.07738
298.7632
298.39807
298.13018
298.12248
298.15275
298.15712
298.14629
298.13756
298.12805
298.1126
298.09696
298.08204
298.07885
298.0584
298.05756
298.04727
298.0468
298.04593
298.03632
298.03644
298.03665
298.03691
298.03147
298.03131
298.03063
298.02944
298.028
298.02654
298.02212
298.02138
298.01991
298.01762
298.01411
298.00846
298.01236
298.01725
298.02079
298.0234
298.02517
298.0262
298.02664
298.02667
298.02647
298.02614
298.02574
298.02532
298.02489
298.02446
298.02403
298.02362
298.02321
298.02281
298.02241
298.02203
298.02164
298.02126
298.02089
298.02051
298.02014
298.01977
298.01939
298.01902
298.01864
298.01826
298.18035
298.18254
298.18477
298.18703
298.18934
298.19171
298.19413
298.19662
298.19918
298.20182
298.20455
298.20738
298.21033
298.2134
298.21661
298.21996
298.22346
298.2271
298.23084
298.23458
298.2381
298.24095
298.24223
298.24023
298.23216
298.2142
298.18262
298.13441
298.06521
297.96336
297.88576
298.01671
298.11214
298.18195
298.23089
298.25774
298.26499
298.27629
298.27306
298.26989
298.26768
298.26644
298.26598
298.49006
298.50047
298.50569
298.67003
298.68056
298.68669
299.04056
299.0664
299.2985
299.31825
299.45493
299.33585
299.04816
298.69906
298.40129
298.13048
298.12269
298.15281
298.1571
298.14626
298.13808
298.12838
298.11397
298.09641
298.08093
298.07845
298.05799
298.05723
298.04685
298.04643
298.0457
298.03637
298.03647
298.03663
298.03077
298.03089
298.03068
298.03002
298.02894
298.02762
298.02205
298.0218
298.02107
298.01971
298.01756
298.0142
298.00897
298.0126
298.01766
298.02143
298.02424
298.02611
298.02711
298.02744
298.02734
298.02701
298.02657
298.0261
298.02561
298.02513
298.02466
298.0242
298.02376
298.02333
298.02292
298.02251
298.02211
298.02172
298.02133
298.02095
298.02057
298.02019
298.01981
298.01943
298.01906
298.01868
298.0183
298.18058
298.1828
298.18505
298.18735
298.1897
298.19211
298.19458
298.19713
298.19976
298.20248
298.20531
298.20827
298.21136
298.21462
298.21805
298.22169
298.22556
298.22968
298.23405
298.23864
298.2433
298.24769
298.25096
298.25134
298.24551
298.2287
298.19649
298.1468
298.07823
297.99013
297.94596
298.02934
298.11117
298.17355
298.2178
298.24351
298.25282
298.25138
298.2693
298.26768
298.26637
298.26566
298.26551
298.48634
298.49547
298.50037
298.50122
298.67633
298.68242
299.03356
299.05559
299.29206
299.30907
299.45304
299.32291
299.23959
298.61953
298.39908
298.13106
298.12291
298.15287
298.15707
298.14689
298.1386
298.12086
298.11462
298.09585
298.08004
298.07805
298.05763
298.05695
298.04648
298.04611
298.03639
298.03641
298.03649
298.03661
298.03032
298.03037
298.03011
298.02947
298.02848
298.02187
298.02184
298.02156
298.02086
298.01962
298.0177
298.01484
298.01163
298.01391
298.01846
298.02231
298.02528
298.02723
298.02817
298.02834
298.02806
298.02758
298.02702
298.02645
298.0259
298.02536
298.02485
298.02437
298.0239
298.02345
298.02302
298.0226
298.02219
298.02179
298.02139
298.021
298.02062
298.02024
298.01985
298.01947
298.01909
298.01871
298.01833
298.1808
298.18304
298.18532
298.18765
298.19003
298.19248
298.195
298.19761
298.20031
298.20311
298.20604
298.20911
298.21235
298.21578
298.21944
298.22336
298.2276
298.23221
298.23723
298.2427
298.2486
298.25472
298.26039
298.26384
298.26121
298.2463
298.21376
298.1631
298.09731
298.02531
297.9966
298.04882
298.11435
298.1683
298.20775
298.23191
298.24231
298.24299
298.23823
298.26541
298.26497
298.26479
298.26499
298.26555
298.49108
298.49561
298.49667
298.67265
298.67867
298.68158
299.04635
299.05644
299.30121
299.45118
299.45442
299.26167
298.6043
298.38973
298.13205
298.12312
298.15294
298.15701
298.14891
298.13952
298.11904
298.09666
298.09534
298.0793
298.05765
298.05733
298.04622
298.04615
298.04583
298.03643
298.03644
298.0365
298.02974
298.02991
298.0299
298.0296
298.02899
298.02167
298.02174
298.02168
298.02138
298.02073
298.01964
298.018
298.01578
298.01394
298.01566
298.01958
298.02342
298.02655
298.02858
298.0294
298.02934
298.02883
298.02816
298.02747
298.0268
298.02618
298.02559
298.02504
298.02452
298.02403
298.02357
298.02312
298.02269
298.02227
298.02186
298.02145
298.02106
298.02067
298.02028
298.01989
298.01951
298.01912
298.01874
298.01835
298.00494
298.00109
297.9973
297.99358
297.98995
297.98645
297.98311
297.98
297.97717
297.97473
297.97281
297.97157
297.97123
297.97206
297.97441
297.9787
297.98542
297.99512
298.00835
298.02558
298.04709
298.07273
298.10143
298.12996
298.27934
298.26725
298.23427
298.18241
298.1197
298.0599
298.03733
298.0699
298.12025
298.16563
298.20025
298.22253
298.2333
298.23542
298.23219
298.26313
298.26353
298.26389
298.26445
298.26526
298.48719
298.49132
298.49248
298.66943
298.67536
298.67855
299.03832
299.04765
299.29442
299.44939
299.45192
299.27679
298.80766
298.39825
298.13357
298.12332
298.15301
298.15693
298.15207
298.13151
298.11773
298.09599
298.0949
298.07868
298.05739
298.05707
298.04592
298.04585
298.04557
298.03647
298.03647
298.03651
298.02942
298.02953
298.02946
298.02915
298.02855
298.02158
298.02163
298.02155
298.02126
298.02068
298.01974
298.01841
298.01681
298.01587
298.01741
298.02088
298.02471
298.02803
298.03016
298.0308
298.01475
298.01138
298.00802
298.00497
298.00237
298.00024
297.99855
297.99726
297.99629
297.9956
297.99511
297.99479
297.9946
297.99449
297.99445
297.99446
297.99449
297.99455
297.99462
297.99469
297.99477
297.99484
297.99491
297.99497
298.00336
297.99936
297.9954
297.9915
297.98766
297.98392
297.98032
297.97691
297.97375
297.97095
297.96862
297.96695
297.96617
297.96656
297.96852
297.97253
297.97917
297.98913
298.00313
298.02185
298.04587
298.07543
298.10999
298.1468
298.17713
298.18292
298.15185
298.09698
298.03763
298.09098
298.07038
298.08996
298.12761
298.16491
298.19481
298.215
298.22562
298.22863
298.22655
298.22148
298.26209
298.26298
298.2639
298.26498
298.48369
298.48743
298.4886
298.48758
298.67244
298.67582
299.03126
299.03987
299.28851
299.4477
299.44973
299.28753
298.85277
298.35379
298.13425
298.1235
298.1531
298.15695
298.15071
298.13041
298.11676
298.09545
298.09451
298.07815
298.05717
298.05685
298.04565
298.04558
298.03656
298.03651
298.0365
298.03651
298.02911
298.02917
298.02906
298.02873
298.02139
298.0215
298.02153
298.02145
298.02119
298.02068
298.01991
298.01888
298.01781
298.01749
298.01903
298.01296
298.01607
298.01926
298.02088
298.01953
298.01602
298.01191
298.008
298.00458
298.00174
297.99947
297.99772
297.99642
297.99548
297.99483
297.9944
297.99415
297.99401
297.99396
297.99397
297.99403
297.99411
297.9942
297.99431
297.99441
297.99451
297.99461
297.9947
297.99478
298.00179
297.99764
297.99351
297.98941
297.98535
297.98137
297.97748
297.97375
297.97023
297.96702
297.96424
297.96207
297.96075
297.96059
297.96201
297.96558
297.97196
297.98199
297.99657
298.01665
298.04312
298.0767
298.11763
298.1643
298.20774
298.22099
298.18301
298.11942
298.05721
298.00866
297.98183
297.97626
298.13552
298.16557
298.19101
298.20899
298.2191
298.22258
298.22133
298.21706
298.26069
298.26208
298.26337
298.26471
298.26617
298.48387
298.48499
298.48415
298.66986
298.67339
299.02498
299.03292
299.28332
299.2888
299.44774
299.29548
298.88382
298.32665
298.12517
298.12364
298.15319
298.15782
298.15058
298.1296
298.11601
298.095
298.07825
298.07768
298.05697
298.05665
298.0454
298.04533
298.0366
298.03655
298.03653
298.0287
298.02882
298.02884
298.0287
298.02836
298.02133
298.02143
298.02146
298.02138
298.02115
298.02073
298.02011
298.01937
298.00934
298.00993
298.01131
298.01379
298.0174
298.02153
298.02391
298.02201
298.01737
298.01235
298.00783
298.00402
298.00095
297.99856
297.99676
297.99547
297.99458
297.99399
297.99364
297.99346
297.99339
297.99341
297.99348
297.99359
297.99371
297.99385
297.99399
297.99413
297.99426
297.99438
297.99449
297.99458
298.00024
297.99594
297.99163
297.98732
297.98304
297.97879
297.97461
297.97054
297.96663
297.96297
297.95968
297.95694
297.95498
297.95414
297.95488
297.9578
297.9637
297.97355
297.98847
298.00968
298.03842
298.07592
298.12338
298.18116
298.24242
298.26738
298.21629
298.14067
298.0748
298.02638
297.99838
297.98882
297.99029
298.16714
298.18847
298.20422
298.21357
298.2172
298.2165
298.21285
298.20735
298.26122
298.26285
298.26446
298.26613
298.48058
298.48162
298.48088
298.66759
298.67121
299.01933
299.02664
299.27873
299.284
299.44592
299.30157
298.90617
298.32292
298.11349
298.12366
298.15332
298.15902
298.15035
298.129
298.11541
298.09462
298.07779
298.07727
298.0568
298.05649
298.04516
298.0451
298.03665
298.03659
298.03655
298.02847
298.02855
298.02853
298.02836
298.02114
298.02127
298.02137
298.0214
298.02134
298.02115
298.02081
298.02035
298.00924
298.00956
298.0103
298.01183
298.01453
298.01867
298.02402
298.02774
298.02491
298.01867
298.0126
298.00745
298.00326
297.99996
297.99747
297.99565
297.9944
297.99358
297.99309
297.99283
297.99273
297.99275
297.99284
297.99297
297.99314
297.99331
297.99349
297.99367
297.99384
297.994
297.99414
297.99427
297.99439
297.99871
297.99425
297.98976
297.98525
297.98073
297.97622
297.97172
297.96728
297.96295
297.95881
297.95496
297.95157
297.94888
297.94722
297.94709
297.94915
297.95429
297.96366
297.9786
298.00063
298.03133
298.0724
298.126
298.19507
298.27914
298.32457
298.24858
298.15867
298.08943
298.04098
298.01212
297.99974
297.99802
298.00162
298.18686
298.20045
298.20888
298.21243
298.21205
298.20885
298.20379
298.26041
298.26238
298.26424
298.26611
298.47752
298.47844
298.47776
298.66559
298.66926
298.67145
299.02093
299.27464
299.27968
299.44421
299.30639
298.92298
298.32739
298.11377
298.12339
298.15351
298.15799
298.15004
298.12853
298.11492
298.0943
298.07738
298.07691
298.05666
298.04488
298.04494
298.04488
298.0367
298.03663
298.03658
298.02825
298.0283
298.02824
298.02806
298.02109
298.02122
298.02132
298.02136
298.02131
298.02116
298.02091
298.00919
298.00931
298.00971
298.01057
298.01221
298.01509
298.01972
298.0265
298.03261
298.02805
298.01971
298.01256
298.00679
298.00224
297.99875
297.99618
297.99438
297.9932
297.99248
297.9921
297.99196
297.99196
297.99207
297.99225
297.99245
297.99268
297.99291
297.99313
297.99335
297.99355
297.99374
297.99391
297.99406
297.9942
297.99721
297.99259
297.98792
297.9832
297.97844
297.97364
297.96882
297.964
297.95923
297.95456
297.95009
297.94598
297.94245
297.93984
297.93865
297.93959
297.94366
297.95218
297.96675
297.9892
298.02141
298.06547
298.12417
298.20268
298.31039
298.39523
298.27319
298.1712
298.10034
298.05242
298.02324
298.00902
298.00495
298.00659
298.01114
298.19746
298.20489
298.20818
298.20795
298.20507
298.20033
298.19436
298.26195
298.26406
298.26613
298.26822
298.47543
298.47477
298.66383
298.66752
298.66986
299.0157
299.27098
299.27579
299.44259
299.3103
298.93607
298.33285
298.11486
298.11065
298.15522
298.15775
298.14977
298.12817
298.1145
298.09402
298.07701
298.07658
298.05653
298.04467
298.04473
298.04468
298.03675
298.03667
298.02795
298.02804
298.02806
298.02798
298.02088
298.02104
298.02118
298.02128
298.02132
298.0213
298.0212
298.00925
298.0092
298.00935
298.0098
298.01072
298.01243
298.01541
298.02036
298.02838
298.03881
298.03075
298.02017
298.01208
298.00578
298.00091
297.99727
297.99467
297.99293
297.99186
297.99129
297.99105
297.99103
297.99116
297.99138
297.99164
297.99192
297.99221
297.9925
297.99277
297.99303
297.99327
297.99348
297.99368
297.99386
297.99401
297.99574
297.99096
297.9861
297.98118
297.97617
297.97109
297.96594
297.96072
297.95548
297.95025
297.94512
297.94022
297.93575
297.93203
297.92957
297.92911
297.93175
297.93898
297.95271
297.97507
298.00828
298.05453
298.11675
298.20058
298.31956
298.44509
298.2809
298.17661
298.10715
298.06077
298.03193
298.01671
298.01101
298.01114
298.01457
298.01981
298.20149
298.20439
298.20418
298.20149
298.19699
298.19124
298.26158
298.26392
298.26619
298.26844
298.47257
298.4719
298.47012
298.66598
298.66843
299.01086
299.01345
299.27225
299.44105
299.31353
298.94656
298.61179
298.1171
298.11795
298.15469
298.15766
298.14224
298.12787
298.11415
298.09379
298.07668
298.05662
298.05643
298.04447
298.04453
298.0369
298.0368
298.03671
298.02778
298.02784
298.02783
298.02773
298.02084
298.021
298.02113
298.02124
298.02129
298.0213
298.00947
298.00925
298.00919
298.00935
298.00981
298.01075
298.01247
298.01544
298.02043
298.02883
298.04326
298.03144
298.01972
298.01105
298.00436
297.99924
297.99549
297.99291
297.99129
297.99038
297.98998
297.98992
297.99006
297.99033
297.99066
297.99102
297.99139
297.99175
297.99209
297.99241
297.99271
297.99298
297.99323
297.99345
297.99365
297.99383
297.99431
297.98937
297.98433
297.9792
297.97395
297.96857
297.96308
297.95746
297.95173
297.94592
297.94008
297.93432
297.92881
297.92384
297.91989
297.91773
297.91852
297.92396
297.93627
297.95799
297.9916
298.03922
298.10312
298.18719
298.29676
298.37142
298.26814
298.17449
298.10985
298.06619
298.03842
298.02289
298.01619
298.01523
298.01776
298.02237
298.02824
298.20099
298.20068
298.19809
298.19376
298.18818
298.18173
298.26384
298.26629
298.2687
298.46984
298.46913
298.4674
298.66461
298.66714
299.00636
299.00886
299.26902
299.43956
299.31626
298.95518
298.62041
298.11901
298.11353
298.15492
298.1576
298.14193
298.12763
298.11384
298.09359
298.07638
298.05654
298.05634
298.04428
298.04433
298.03696
298.03685
298.03675
298.02762
298.02765
298.02762
298.02062
298.02079
298.02095
298.02109
298.0212
298.02128
298.00985
298.00947
298.00923
298.00916
298.0093
298.00976
298.01068
298.01233
298.01517
298.01987
298.02745
298.03644
298.02913
298.01817
298.00939
298.00247
297.99719
297.99339
297.99089
297.98944
297.98875
297.98858
297.98872
297.98905
297.98947
297.98993
297.99039
297.99085
297.99128
297.99168
297.99205
297.99239
297.9927
297.99298
297.99323
297.99345
297.99365
297.99292
297.98782
297.98261
297.97726
297.97177
297.96611
297.96027
297.95423
297.94801
297.94159
297.93501
297.92833
297.92169
297.91533
297.90968
297.90549
297.90398
297.90704
297.91726
297.9377
297.97113
298.01938
298.08344
298.16381
298.2551
298.30212
298.24148
298.16588
298.1088
298.06898
298.04293
298.0277
298.02051
298.01884
298.02071
298.02482
298.03034
298.03681
298.19744
298.19487
298.19063
298.18516
298.1788
298.2638
298.26643
298.26899
298.46722
298.46645
298.46473
298.6634
298.66599
299.00215
299.00453
299.26606
299.43811
299.3186
298.96241
298.62762
298.21235
298.11129
298.15498
298.15608
298.14168
298.12744
298.11356
298.09341
298.07611
298.05647
298.05627
298.0441
298.04415
298.03703
298.03691
298.0368
298.02747
298.02748
298.02742
298.02057
298.02075
298.02091
298.02106
298.02117
298.01041
298.00988
298.00947
298.0092
298.0091
298.00922
298.00964
298.0105
298.01203
298.01461
298.01874
298.0248
298.02987
298.02497
298.01562
298.0071
298.0001
297.99472
297.99093
297.98858
297.98738
297.98698
297.98708
297.98747
297.988
297.98859
297.98918
297.98976
297.99031
297.99081
297.99128
297.9917
297.99208
297.99243
297.99274
297.99301
297.99326
297.99347
297.99158
297.98634
297.98095
297.97539
297.96966
297.96371
297.95752
297.95108
297.94434
297.93731
297.92996
297.92233
297.91448
297.9066
297.89904
297.89248
297.88817
297.88816
297.89552
297.91395
297.94669
297.99512
298.05845
298.13355
298.20883
298.24413
298.20946
298.15261
298.10462
298.06947
298.0457
298.03127
298.02404
298.02196
298.02338
298.02712
298.03239
298.03868
298.19442
298.1918
298.1876
298.1822
298.1759
298.26382
298.26662
298.26934
298.272
298.46385
298.46213
298.66233
298.66496
298.99818
299.00043
299.26333
299.43669
299.32064
298.96857
298.63378
298.21673
298.11007
298.15497
298.15597
298.14147
298.12727
298.11332
298.09327
298.07586
298.05641
298.05621
298.04393
298.04398
298.03709
298.03697
298.02729
298.02732
298.02731
298.02724
298.02053
298.0207
298.02087
298.02102
298.02115
298.01046
298.0099
298.00945
298.00915
298.00902
298.00909
298.00945
298.01022
298.01157
298.0138
298.0172
298.02161
298.02423
298.0203
298.01236
298.00425
297.99725
297.9918
297.98807
297.98595
297.98509
297.98506
297.98549
297.98617
297.98693
297.9877
297.98844
297.98914
297.98977
297.99035
297.99088
297.99135
297.99178
297.99216
297.9925
297.9928
297.99306
297.9933
)
;

boundaryField
{
    farfieldLeft
    {
        type            inletOutlet;
        inletValue      uniform 298;
        value           uniform 298;
    }
    farfieldRight
    {
        type            inletOutlet;
        inletValue      uniform 298;
        value           uniform 298;
    }
    farfieldTop
    {
        type            inletOutlet;
        inletValue      uniform 298;
        value           uniform 298;
    }
    airfoil
    {
        type            zeroGradient;
    }
    front
    {
        type            empty;
    }
    back
    {
        type            empty;
    }
}


// ************************************************************************* //
